datetime,open,high,low,close,volume
2003-10-06,15.17,15.89,15.03,15.79,329230
2003-10-07,15.65,16.6,15.65,16.25,334230
2003-10-08,16.35,16.35,15.8,16.1,329080
2003-10-09,15.91,16.1,15.6,15.6,142850
2003-10-10,15.6,15.94,15.15,15.42,326050
2003-10-13,15.48,15.48,15.25,15.31,217470
2003-10-14,15.37,16.65,15.37,16.3,208220
2003-10-15,16.31,16.92,16.0,16.01,82500
2003-10-16,16.14,16.25,16.0,16.1,40300
2003-10-17,16.01,16.06,15.85,15.85,183600
2003-10-20,15.98,16.02,15.76,15.95,156000
2003-10-21,15.89,15.98,15.86,15.95,107800
2003-10-22,16.0,16.0,15.8,15.84,83600
2003-10-23,15.76,15.76,15.35,15.5,105000
2003-10-24,15.46,16.0,15.46,15.93,138800
2003-10-27,16.0,16.6,15.75,16.0,68200
2003-10-28,16.4,16.6,15.68,15.83,186870
2003-10-29,15.77,16.22,15.65,16.1,204120
2003-10-30,16.1,16.94,16.0,16.64,125600
2003-10-31,16.65,17.31,16.6,17.31,171060
2003-11-03,17.3,17.87,17.07,17.51,76870
2003-11-04,17.71,17.71,17.0,17.23,79310
2003-11-05,16.99,17.05,16.7,17.0,5600
2003-11-06,16.98,17.0,16.66,16.88,42850
2003-11-07,17.0,17.0,16.71,17.0,18020
2003-11-10,16.68,17.1,16.68,16.95,55500
2003-11-11,16.75,17.0,16.75,17.0,110850
2003-11-12,16.8,17.19,16.7,16.99,47280
2003-11-13,16.7,17.0,16.61,16.62,14480
2003-11-14,16.61,16.8,16.61,16.74,172000
2003-11-17,16.75,16.85,16.4,16.41,100120
2003-11-18,16.41,16.5,16.3,16.3,11920
2003-11-19,16.27,16.64,16.2,16.5,37270
2003-11-20,16.5,16.6,16.25,16.45,95770
2003-11-21,16.25,16.6,16.2,16.6,24770
2003-11-24,16.6,16.7,16.4,16.7,21750
2003-11-25,16.65,17.2,16.65,16.75,32810
2003-11-26,16.88,17.95,16.7,17.8,63820
2003-11-28,17.8,17.85,17.4,17.7,5100
2003-12-01,17.9,18.0,17.5,18.0,24000
2003-12-02,17.5,18.0,17.5,17.65,36880
2003-12-03,17.81,17.85,17.51,17.84,22720
2003-12-04,17.8,17.97,17.75,17.97,78700
2003-12-05,17.75,18.2,17.75,17.76,43750
2003-12-08,17.95,17.95,16.9,16.9,24460
2003-12-09,17.55,17.55,15.63,16.05,52740
2003-12-10,16.06,16.46,16.0,16.3,14610
2003-12-11,16.25,17.14,16.0,16.9,23930
2003-12-12,17.19,17.4,16.79,17.34,104420
2003-12-15,16.81,17.7,16.81,17.25,27760
2003-12-16,17.26,17.8,17.26,17.67,20540
2003-12-17,17.3,18.09,17.3,18.0,24850
2003-12-18,18.05,18.05,17.82,18.0,4940
2003-12-19,17.67,18.0,17.67,18.0,64940
2003-12-22,17.51,18.05,17.51,18.0,8200
2003-12-23,18.0,18.25,17.96,18.24,24400
2003-12-24,18.3,18.3,17.96,18.25,8930
2003-12-26,18.2,18.25,18.2,18.25,390
2003-12-29,17.95,18.29,17.95,18.25,27720
2003-12-30,17.97,18.5,17.88,17.88,47060
2003-12-31,18.01,18.15,17.73,17.95,44210
2004-01-02,17.71,18.0,17.63,17.72,17250
2004-01-05,18.15,18.15,17.6,17.76,24820
2004-01-06,17.52,17.98,17.52,17.76,24760
2004-01-07,18.0,18.0,17.8,17.95,131410
2004-01-08,17.8,17.97,17.4,17.93,188130
2004-01-09,18.0,18.05,17.87,17.93,21640
2004-01-12,17.65,18.0,17.62,17.9,144380
2004-01-13,17.4,17.95,17.31,17.65,103780
2004-01-14,17.81,17.89,17.5,17.65,210590
2004-01-15,17.84,18.11,17.7,18.11,13230
2004-01-16,18.11,18.49,17.93,18.38,27620
2004-01-20,18.21,18.84,18.18,18.84,31320
2004-01-21,18.94,20.43,18.14,19.78,29350
2004-01-22,19.8,19.8,19.44,19.75,19820
2004-01-23,19.8,19.9,19.14,19.59,51470
2004-01-26,19.68,20.0,19.52,19.66,94360
2004-01-27,19.9,19.9,18.45,19.02,25890
2004-01-28,19.25,19.25,18.88,19.0,49650
2004-01-29,18.99,19.03,18.7,18.72,21460
2004-01-30,18.8,18.8,18.37,18.68,30880
2004-02-02,18.75,18.75,18.5,18.75,59990
2004-02-03,18.75,18.75,18.3,18.39,59390
2004-02-04,18.73,18.75,17.89,18.09,123550
2004-02-05,18.4,18.41,17.9,17.9,48960
2004-02-06,17.89,17.99,17.0,17.1,198280
2004-02-09,17.59,17.79,17.36,17.4,95000
2004-02-10,17.75,18.0,17.5,17.89,33570
2004-02-11,17.5,17.93,17.5,17.69,16450
2004-02-12,17.75,17.97,17.6,17.87,28110
2004-02-13,17.87,17.97,17.6,17.94,14500
2004-02-17,17.6,17.92,17.6,17.6,8120
2004-02-18,17.9,17.91,17.65,17.9,10900
2004-02-19,17.9,17.9,17.59,17.61,78800
2004-02-20,17.4,18.0,17.4,17.7,21400
2004-02-23,17.5,17.8,17.3,17.51,106030
2004-02-24,17.63,17.63,17.35,17.63,11440
2004-02-25,17.55,20.03,17.55,19.85,38180
2004-02-26,19.9,19.9,18.52,19.06,41440
2004-02-27,19.0,19.43,18.59,18.8,101600
2004-03-01,18.6,19.12,18.39,18.39,29780
2004-03-02,18.95,19.0,17.95,17.95,23630
2004-03-03,17.93,18.5,17.9,18.26,35800
2004-03-04,18.5,18.5,18.25,18.49,4560
2004-03-05,18.4,18.5,18.36,18.36,48730
2004-03-08,18.45,18.45,18.1,18.29,16480
2004-03-09,18.4,18.4,18.23,18.3,56450
2004-03-10,18.2,18.3,17.8,18.3,2600
2004-03-11,17.96,18.35,17.96,18.3,14330
2004-03-12,18.35,18.35,18.0,18.24,3830
2004-03-15,18.02,18.24,17.5,17.57,35700
2004-03-16,17.85,18.0,17.25,17.25,48580
2004-03-17,17.28,17.91,17.27,17.54,55780
2004-03-18,17.25,17.46,17.07,17.29,50070
2004-03-19,17.1,17.1,16.8,16.95,6800
2004-03-22,16.78,16.86,16.4,16.81,110220
2004-03-23,16.85,17.1,16.7,16.97,78090
2004-03-24,16.55,17.4,16.55,17.19,79870
2004-03-25,17.45,17.45,16.87,17.24,21100
2004-03-26,17.11,17.35,16.47,16.52,313120
2004-03-29,16.4,16.68,16.28,16.51,55590
2004-03-30,16.28,17.2,16.2,17.0,238780
2004-03-31,17.0,17.5,16.8,17.5,278560
2004-04-01,17.5,17.97,17.27,17.6,79710
2004-04-02,17.82,17.9,17.67,17.75,20230
2004-04-05,17.99,17.99,17.6,17.8,22980
2004-04-06,17.6,17.74,17.47,17.72,70400
2004-04-07,17.7,17.95,17.51,17.85,61460
2004-04-08,17.85,18.0,17.74,17.8,63710
2004-04-12,17.74,17.86,17.2,17.75,106560
2004-04-13,17.6,17.95,17.6,17.82,42280
2004-04-14,17.77,18.06,17.77,18.06,41470
2004-04-15,18.0,18.0,17.82,17.99,11580
2004-04-16,17.82,18.0,17.8,18.0,23130
2004-04-19,17.68,18.5,17.68,18.47,52850
2004-04-20,18.47,18.5,18.12,18.5,22380
2004-04-21,18.5,18.5,18.16,18.28,13380
2004-04-22,18.19,18.19,17.91,18.13,20510
2004-04-23,18.06,18.11,17.27,18.0,34080
2004-04-26,17.74,18.0,17.49,18.0,18480
2004-04-27,17.99,18.0,17.4,17.79,9230
2004-04-28,17.41,17.9,17.4,17.9,12230
2004-04-29,17.9,18.07,17.41,17.41,53490
2004-04-30,17.48,17.81,16.92,17.76,63350
2004-05-03,17.59,18.0,17.39,18.0,13860
2004-05-04,17.78,17.85,17.53,17.73,69710
2004-05-05,18.0,18.3,17.7,17.98,69370
2004-05-06,17.98,18.1,17.67,17.8,149440
2004-05-07,18.04,18.25,17.75,18.19,151380
2004-05-10,18.0,18.15,17.8,18.11,167890
2004-05-11,17.84,18.25,17.84,18.25,164900
2004-05-12,17.91,18.2,17.88,18.15,66880
2004-05-13,17.9,18.24,17.9,18.16,149390
2004-05-14,18.14,18.25,18.03,18.12,16880
2004-05-17,17.9,18.07,17.9,17.99,10900
2004-05-18,18.08,18.1,17.87,18.0,17900
2004-05-19,17.9,18.0,17.9,17.92,23560
2004-05-20,17.93,18.1,17.75,17.75,243820
2004-05-21,18.1,18.1,17.61,17.74,16690
2004-05-24,17.74,18.01,17.6,17.85,32030
2004-05-25,18.0,18.0,17.81,17.99,17420
2004-05-26,17.85,18.2,17.85,18.2,83000
2004-05-27,18.17,18.29,18.08,18.29,22310
2004-05-28,18.25,19.1,18.23,18.5,91070
2004-06-01,18.9,18.9,18.21,18.57,19760
2004-06-02,18.24,18.57,18.08,18.56,24820
2004-06-03,18.37,18.55,18.15,18.47,38070
2004-06-04,18.54,18.6,18.25,18.6,13790
2004-06-07,18.6,18.65,18.12,18.65,44340
2004-06-08,18.11,18.74,18.11,18.69,48220
2004-06-09,18.7,18.88,18.25,18.49,150510
2004-06-10,18.56,18.56,18.21,18.43,32650
2004-06-14,18.5,18.5,18.0,18.5,23440
2004-06-15,18.5,18.5,18.31,18.5,35270
2004-06-16,18.5,18.55,18.45,18.5,100450
2004-06-17,18.2,18.59,18.2,18.59,186000
2004-06-18,18.5,18.61,18.5,18.58,38220
2004-06-21,18.54,18.55,18.4,18.49,27060
2004-06-22,18.58,19.66,18.58,19.53,161430
2004-06-23,19.0,20.17,19.0,20.17,155370
2004-06-24,20.2,20.2,19.39,19.86,136940
2004-06-25,19.57,19.94,19.17,19.71,296930
2004-06-28,19.76,19.89,19.24,19.27,62670
2004-06-29,19.63,19.64,19.19,19.35,99320
2004-06-30,19.4,19.4,18.52,18.6,59470
2004-07-01,18.9,18.9,17.74,18.1,79100
2004-07-02,18.34,18.55,18.11,18.34,28710
2004-07-06,18.6,19.13,18.5,18.9,197070
2004-07-07,18.78,19.03,18.78,18.95,61740
2004-07-08,18.79,19.03,18.79,19.02,52610
2004-07-09,18.83,18.86,18.2,18.41,29970
2004-07-12,18.25,18.7,18.25,18.69,29000
2004-07-13,18.57,18.8,18.42,18.69,81320
2004-07-14,18.41,18.51,18.25,18.25,56610
2004-07-15,18.22,18.66,18.17,18.37,89150
2004-07-16,18.29,18.35,18.12,18.13,35810
2004-07-19,18.15,18.51,18.15,18.38,23530
2004-07-20,18.5,18.52,18.13,18.5,219030
2004-07-21,18.7,18.7,17.5,18.1,144360
2004-07-22,17.97,18.2,17.7,17.95,118510
2004-07-23,17.73,17.85,16.5,17.04,185900
2004-07-26,16.96,17.1,16.82,17.04,64610
2004-07-27,17.01,17.23,16.76,17.08,60230
2004-07-28,17.0,17.2,17.0,17.1,41970
2004-07-29,17.06,17.2,16.55,17.2,133650
2004-07-30,17.06,17.88,17.04,17.73,302530
2004-08-02,17.36,17.62,16.96,17.53,75780
2004-08-03,17.27,17.34,16.89,17.06,46730
2004-08-04,17.0,18.21,16.97,17.93,52470
2004-08-05,17.55,17.92,16.75,17.6,71450
2004-08-06,16.75,18.12,16.7,17.1,49600
2004-08-09,17.27,17.28,16.69,17.16,79340
2004-08-10,16.96,17.9,16.96,17.9,99040
2004-08-11,17.76,18.17,17.04,18.01,242250
2004-08-12,17.79,18.26,17.39,17.49,47070
2004-08-13,18.2,18.3,17.4,17.69,24950
2004-08-16,18.3,18.61,17.57,18.24,112310
2004-08-17,17.68,18.53,17.68,18.09,52520
2004-08-18,17.41,18.3,16.97,18.28,35340
2004-08-19,17.72,18.31,17.58,18.0,13750
2004-08-20,18.11,18.84,17.81,18.71,23600
2004-08-23,18.81,18.94,18.26,18.33,16610
2004-08-24,18.75,18.75,18.02,18.27,19420
2004-08-25,18.05,18.26,17.81,18.25,19060
2004-08-26,18.0,18.38,18.0,18.14,20080
2004-08-27,17.84,18.25,17.84,17.89,6470
2004-08-30,17.8,18.08,17.72,17.86,8460
2004-08-31,18.01,18.25,17.45,18.24,18130
2004-09-01,18.22,19.0,17.62,17.71,77090
2004-09-02,18.02,18.1,17.4,17.93,19160
2004-09-03,18.26,18.26,17.42,17.72,71030
2004-09-07,17.6,18.1,17.6,17.99,95570
2004-09-08,17.99,18.5,17.6,17.84,25600
2004-09-09,17.99,18.45,17.89,18.45,15750
2004-09-10,17.66,18.34,17.65,18.0,22400
2004-09-13,18.1,18.34,17.93,18.07,11330
2004-09-14,17.82,18.09,17.82,17.92,15980
2004-09-15,18.0,18.12,17.95,18.05,11680
2004-09-16,18.51,18.68,18.12,18.5,22940
2004-09-17,18.27,18.27,17.5,17.7,78130
2004-09-20,17.56,18.0,17.52,17.72,9290
2004-09-21,18.25,18.39,17.7,18.13,11000
2004-09-22,17.73,17.92,17.62,17.74,36430
2004-09-23,17.73,17.95,17.53,17.61,11260
2004-09-24,17.62,18.52,17.6,17.82,27360
2004-09-27,17.62,17.75,17.6,17.61,26750
2004-09-28,17.8,18.24,17.64,18.16,11220
2004-09-29,17.84,18.48,17.84,18.33,8950
2004-09-30,18.36,18.48,18.04,18.24,15050
2004-10-01,18.45,18.95,18.14,18.95,34780
2004-10-04,19.05,19.05,17.71,18.0,45030
2004-10-05,18.6,18.6,17.91,18.21,155280
2004-10-06,18.4,18.52,18.11,18.22,13510
2004-10-07,17.97,18.42,17.87,18.0,35990
2004-10-08,18.02,18.02,17.7,17.72,17970
2004-10-11,17.74,17.92,17.58,17.71,57380
2004-10-12,17.83,17.83,17.38,17.52,35630
2004-10-13,18.02,18.04,17.33,17.5,17790
2004-10-14,17.39,17.46,17.2,17.2,16060
2004-10-15,16.76,16.84,14.57,15.06,706660
2004-10-18,14.93,14.93,13.82,14.64,177590
2004-10-19,14.9,15.06,14.71,14.85,70400
2004-10-20,14.66,15.14,14.5,14.65,462480
2004-10-21,14.51,14.71,14.27,14.37,52380
2004-10-22,14.41,14.41,13.87,14.0,76360
2004-10-25,13.81,13.87,13.28,13.55,280110
2004-10-26,13.5,13.72,13.49,13.59,75920
2004-10-27,13.79,13.81,13.52,13.6,159480
2004-10-28,13.73,15.5,13.72,15.22,376580
2004-10-29,16.2,16.45,15.59,16.37,81340
2004-11-01,16.5,16.5,15.59,15.7,35990
2004-11-02,15.66,15.99,15.42,15.53,86760
2004-11-03,16.0,16.22,15.0,15.35,102060
2004-11-04,15.3,16.0,15.0,15.71,127890
2004-11-05,15.69,17.11,15.65,16.92,54380
2004-11-08,16.82,17.17,16.01,16.92,77640
2004-11-09,17.25,18.22,16.84,17.85,121690
2004-11-10,17.81,17.83,17.44,17.75,82900
2004-11-11,17.52,17.73,17.14,17.62,61690
2004-11-12,17.93,18.03,17.21,17.97,57120
2004-11-15,18.07,18.07,17.53,17.84,47020
2004-11-16,17.52,17.73,17.15,17.15,14970
2004-11-17,17.74,17.74,17.0,17.0,58910
2004-11-18,17.71,17.71,17.14,17.35,27110
2004-11-19,17.48,17.65,16.85,17.15,35270
2004-11-22,17.29,17.6,17.07,17.48,48490
2004-11-23,17.64,17.71,17.41,17.64,151920
2004-11-24,17.67,17.75,17.55,17.69,194350
2004-11-26,17.79,17.86,17.53,17.78,8950
2004-11-29,17.56,18.06,17.56,17.72,35530
2004-11-30,17.98,17.98,17.3,17.94,49180
2004-12-01,17.97,18.67,17.89,18.67,373530
2004-12-02,18.74,18.89,18.56,18.77,53020
2004-12-03,18.82,18.82,17.94,18.16,39060
2004-12-06,17.94,18.79,17.94,18.74,100660
2004-12-07,18.76,19.03,18.32,18.77,81990
2004-12-08,18.96,19.24,18.76,19.24,107500
2004-12-09,18.92,19.42,18.92,19.37,62720
2004-12-10,19.44,19.53,18.96,19.48,42890
2004-12-13,19.5,19.95,19.33,19.95,32300
2004-12-14,19.41,20.92,19.41,20.24,173820
2004-12-15,20.4,20.47,20.08,20.17,34520
2004-12-16,20.19,20.19,19.52,19.82,40160
2004-12-17,19.52,20.17,19.4,20.04,89830
2004-12-20,20.0,20.17,19.4,19.66,105300
2004-12-21,19.91,20.04,19.58,19.96,71730
2004-12-22,19.5,20.01,19.5,20.0,30610
2004-12-23,20.0,20.0,19.69,19.96,40890
2004-12-27,20.11,20.11,19.36,19.7,37630
2004-12-28,19.7,20.1,19.58,20.1,49790
2004-12-29,19.54,20.11,19.54,20.02,10230
2004-12-30,20.03,20.03,19.87,19.98,12900
2004-12-31,19.75,20.14,19.6,20.03,34360
2005-01-03,20.1,20.1,19.43,19.8,41120
2005-01-04,20.16,20.16,18.94,18.94,87410
2005-01-05,18.8,19.0,17.98,18.15,97220
2005-01-06,18.03,18.49,18.03,18.11,32890
2005-01-07,18.61,18.61,18.18,18.18,59430
2005-01-10,18.1,18.15,17.98,18.01,17120
2005-01-11,18.36,18.36,17.66,17.71,61680
2005-01-12,17.67,18.35,17.55,17.75,52280
2005-01-13,18.2,18.2,17.28,17.36,20830
2005-01-14,17.3,18.05,17.3,18.03,75220
2005-01-18,18.0,18.3,18.0,18.07,30710
2005-01-19,18.29,18.29,17.66,17.87,20560
2005-01-20,17.62,18.0,17.37,17.38,93550
2005-01-21,17.5,17.5,16.95,17.05,62630
2005-01-24,16.89,17.11,16.7,16.71,56210
2005-01-25,17.04,17.04,16.64,16.64,27480
2005-01-26,16.96,16.96,16.76,16.76,25490
2005-01-27,16.64,16.95,16.64,16.8,104070
2005-01-28,16.75,16.82,16.5,16.7,35650
2005-01-31,16.55,16.9,16.55,16.73,85790
2005-02-01,16.82,17.05,16.63,17.02,157130
2005-02-02,16.83,17.72,16.83,17.63,24210
2005-02-03,17.1,17.47,17.02,17.14,21440
2005-02-04,17.03,17.74,17.03,17.74,13720
2005-02-07,17.87,17.96,17.66,17.95,19110
2005-02-08,17.75,18.24,17.75,18.2,35180
2005-02-09,17.67,18.14,17.41,17.41,30430
2005-02-10,17.63,17.96,17.03,17.81,25500
2005-02-11,17.41,18.42,17.32,18.14,40000
2005-02-14,18.33,18.33,17.83,18.02,15890
2005-02-15,18.21,18.38,18.04,18.2,24170
2005-02-16,18.04,18.43,18.04,18.24,48880
2005-02-17,18.23,18.4,17.97,18.2,65930
2005-02-18,18.35,18.35,17.38,17.57,20540
2005-02-22,17.3,17.46,17.0,17.08,47670
2005-02-23,17.57,18.06,17.16,17.48,21210
2005-02-24,17.47,18.26,17.04,17.9,37720
2005-02-25,17.84,18.51,17.51,18.5,35760
2005-02-28,18.14,18.39,17.67,18.15,26450
2005-03-01,18.37,18.39,17.91,18.32,54230
2005-03-02,17.85,18.2,17.85,18.03,46920
2005-03-03,18.18,18.2,17.97,18.0,44080
2005-03-04,18.08,19.0,18.02,18.99,40450
2005-03-07,18.99,20.07,18.72,19.69,128640
2005-03-08,19.81,19.98,19.41,19.41,64080
2005-03-09,19.4,19.4,18.8,18.98,26610
2005-03-10,18.7,19.08,18.7,19.08,26550
2005-03-11,19.03,19.4,19.03,19.14,41780
2005-03-14,19.3,19.4,19.09,19.31,47090
2005-03-15,19.42,19.62,19.15,19.27,30310
2005-03-16,19.1,19.7,19.1,19.58,37440
2005-03-17,19.3,20.14,19.3,20.06,73800
2005-03-18,20.18,20.18,19.75,19.93,123760
2005-03-21,19.79,20.04,19.75,20.04,47960
2005-03-22,20.02,20.03,19.65,19.74,105650
2005-03-23,19.75,20.01,19.75,19.9,26260
2005-03-24,19.98,20.0,19.68,19.72,27140
2005-03-28,19.61,19.8,19.11,19.32,35500
2005-03-29,19.46,19.67,19.18,19.5,37820
2005-03-30,19.15,19.92,19.15,19.64,30270
2005-03-31,19.91,20.16,19.5,20.07,59330
2005-04-01,20.19,20.19,19.72,19.78,43750
2005-04-04,19.61,20.03,19.6,19.93,68490
2005-04-05,19.98,20.25,19.8,20.25,66960
2005-04-06,20.35,21.1,20.35,21.05,84010
2005-04-07,21.06,21.1,20.68,20.87,30590
2005-04-08,20.62,20.93,20.38,20.81,38490
2005-04-11,20.81,20.9,20.11,20.65,58020
2005-04-12,20.44,21.05,20.09,21.0,42140
2005-04-13,20.74,20.96,20.15,20.24,18140
2005-04-14,20.13,20.13,19.05,19.16,51770
2005-04-15,19.23,19.57,18.98,19.27,47370
2005-04-18,19.39,19.61,19.0,19.5,38750
2005-04-19,19.74,20.15,19.37,19.5,25330
2005-04-20,19.37,19.85,19.25,19.43,58560
2005-04-21,19.5,20.25,19.37,20.0,55320
2005-04-22,19.92,20.15,19.52,20.0,85110
2005-04-25,20.11,20.16,19.82,19.86,22550
2005-04-26,19.91,19.95,18.97,19.13,23980
2005-04-27,18.9,19.7,18.9,19.36,10920
2005-04-28,20.4,20.68,19.34,20.0,280750
2005-04-29,20.02,20.24,19.99,20.12,145890
2005-05-02,19.97,22.94,19.89,22.72,613380
2005-05-03,23.1,23.19,22.4,23.05,258940
2005-05-04,22.93,23.5,22.93,23.44,108060
2005-05-05,23.23,23.55,21.76,21.8,203270
2005-05-06,22.2,22.2,21.56,22.0,88540
2005-05-09,22.16,22.44,21.75,22.4,163830
2005-05-10,22.2,23.01,22.12,22.8,136680
2005-05-11,22.85,22.85,21.73,22.46,64350
2005-05-12,22.85,23.03,22.55,22.8,80740
2005-05-13,22.79,23.0,21.8,22.25,44650
2005-05-16,22.08,22.86,22.08,22.62,56380
2005-05-17,22.73,22.78,22.15,22.58,90270
2005-05-18,22.68,23.52,22.59,23.12,194800
2005-05-19,23.15,23.15,22.32,22.95,113800
2005-05-20,22.83,23.78,22.81,23.71,208040
2005-05-23,24.0,24.98,23.66,24.65,330940
2005-05-24,24.75,24.8,23.9,23.96,348890
2005-05-25,24.08,24.35,23.85,24.1,110670
2005-05-26,24.1,25.48,24.1,25.4,267760
2005-05-27,25.46,25.46,24.76,24.94,146870
2005-05-31,24.85,25.18,24.47,24.81,116720
2005-06-01,24.89,25.1,24.71,24.92,135620
2005-06-02,24.93,25.19,24.47,24.58,153030
2005-06-03,24.31,24.66,24.22,24.52,77230
2005-06-06,24.5,25.58,24.32,25.46,166500
2005-06-07,25.5,25.6,24.75,24.9,222500
2005-06-08,24.71,25.48,24.71,25.27,60760
2005-06-09,25.27,26.27,25.0,26.17,960080
2005-06-10,26.28,27.07,26.23,26.82,410380
2005-06-13,27.02,27.28,26.52,26.92,281710
2005-06-14,27.07,27.07,26.33,26.85,103100
2005-06-15,26.72,27.01,26.4,27.0,179580
2005-06-16,26.95,28.06,26.95,28.0,201630
2005-06-17,27.91,28.05,27.22,27.61,99090
2005-06-20,27.59,27.85,27.19,27.75,60430
2005-06-21,27.8,27.8,27.02,27.24,75140
2005-06-22,27.17,27.55,27.17,27.23,106230
2005-06-23,27.63,27.63,25.3,26.16,120510
2005-06-24,26.29,27.27,25.8,26.71,114740
2005-06-27,26.69,27.0,25.87,26.77,87040
2005-06-28,26.79,27.26,26.46,27.22,68910
2005-06-29,27.25,27.32,27.04,27.12,77250
2005-06-30,26.95,27.29,26.8,27.15,55950
2005-07-01,27.0,27.0,25.8,26.57,56920
2005-07-05,26.7,27.5,26.53,27.5,81490
2005-07-06,27.65,27.9,27.16,27.29,95710
2005-07-07,26.98,28.03,26.85,27.6,67060
2005-07-08,27.97,28.04,27.01,27.8,77170
2005-07-11,28.0,28.46,27.97,28.45,177200
2005-07-12,28.55,28.61,28.1,28.42,167930
2005-07-13,28.49,28.49,28.01,28.21,57550
2005-07-14,28.35,28.38,27.49,27.7,52140
2005-07-15,27.39,27.5,27.14,27.39,110420
2005-07-18,27.49,27.49,26.0,26.22,145690
2005-07-19,26.22,27.19,26.22,27.05,89640
2005-07-20,26.78,27.88,26.55,27.55,71330
2005-07-21,27.57,27.83,26.26,27.4,58890
2005-07-22,27.49,27.92,26.46,27.65,81610
2005-07-25,28.15,29.3,28.13,28.75,608370
2005-07-26,29.5,29.53,28.8,28.85,249600
2005-07-27,28.99,29.11,28.04,29.0,259880
2005-07-28,29.75,30.5,29.7,30.33,363990
2005-07-29,31.0,31.35,30.33,30.8,302650
2005-08-01,30.9,31.24,30.84,31.0,361030
2005-08-02,31.17,31.87,30.52,31.8,168460
2005-08-03,31.54,31.81,31.08,31.42,99620
2005-08-04,31.32,31.32,29.81,30.42,155540
2005-08-05,30.23,30.48,29.96,30.33,151350
2005-08-08,30.66,30.94,30.2,30.7,100270
2005-08-09,30.92,30.92,30.16,30.48,77800
2005-08-10,30.59,31.0,27.76,27.97,285370
2005-08-11,27.69,29.32,27.63,29.32,147300
2005-08-12,29.25,29.92,28.98,29.76,97280
2005-08-15,29.48,30.69,29.48,30.67,91500
2005-08-16,30.7,30.77,30.25,30.67,154280
2005-08-17,30.61,31.14,30.56,30.94,87750
2005-08-18,30.9,30.92,29.25,30.28,214010
2005-08-19,30.28,30.56,29.94,30.28,40930
2005-08-22,30.58,30.95,30.21,30.81,96540
2005-08-23,30.82,31.36,30.54,31.17,106390
2005-08-24,30.98,31.36,30.67,31.17,232660
2005-08-25,31.16,32.3,31.07,32.0,361910
2005-08-26,32.15,32.15,30.64,30.95,89660
2005-08-29,30.74,30.93,29.31,30.73,184590
2005-08-30,30.79,31.22,30.13,31.12,88270
2005-08-31,30.85,31.9,30.44,31.28,115870
2005-09-01,31.49,31.87,29.77,30.0,162440
2005-09-02,29.73,29.74,27.28,28.06,357330
2005-09-06,27.94,29.15,27.94,28.96,152940
2005-09-07,28.85,30.22,28.85,30.07,163550
2005-09-08,29.8,30.13,29.32,30.02,81610
2005-09-09,29.85,30.14,29.68,29.88,135310
2005-09-12,29.89,30.49,29.71,30.34,136270
2005-09-13,30.21,30.45,29.91,30.06,60920
2005-09-14,30.21,30.32,29.41,29.43,74640
2005-09-15,29.46,29.94,28.75,28.8,115860
2005-09-16,29.03,29.65,28.68,29.58,120690
2005-09-19,29.5,29.5,28.7,29.26,76670
2005-09-20,29.26,29.26,27.59,28.15,123070
2005-09-21,27.92,28.0,26.32,27.39,197700
2005-09-22,27.17,28.04,26.8,27.9,63080
2005-09-23,27.53,28.58,27.53,28.15,44730
2005-09-26,28.29,28.29,27.85,28.08,97180
2005-09-27,28.0,29.19,27.9,28.96,100020
2005-09-28,28.96,29.22,28.56,29.19,138060
2005-09-29,30.0,30.93,30.0,30.67,1093780
2005-09-30,30.59,30.62,30.09,30.2,415820
2005-10-03,30.15,30.74,30.0,30.05,151180
2005-10-04,30.09,30.43,29.94,30.28,179140
2005-10-05,30.42,30.42,29.42,29.49,179020
2005-10-06,29.67,30.23,28.92,29.25,132930
2005-10-07,29.58,30.54,29.44,30.46,111410
2005-10-10,30.51,30.51,29.4,29.81,213470
2005-10-11,29.9,29.9,28.51,29.1,525470
2005-10-12,29.08,29.46,28.8,29.12,413940
2005-10-13,29.32,29.8,29.0,29.21,267790
2005-10-14,29.36,29.59,28.84,29.28,64480
2005-10-17,29.08,29.54,28.85,29.08,105780
2005-10-18,28.93,29.16,28.71,28.8,128660
2005-10-19,28.71,28.96,28.33,28.68,267040
2005-10-20,28.62,29.36,28.62,28.95,295430
2005-10-21,29.02,29.16,28.72,28.94,107080
2005-10-24,29.03,29.58,29.0,29.5,110490
2005-10-25,29.59,30.12,29.16,29.62,117250
2005-10-26,29.76,30.06,29.45,29.76,109240
2005-10-27,29.86,29.86,28.24,28.28,198770
2005-10-28,28.26,29.64,28.0,28.68,202630
2005-10-31,28.75,30.55,28.75,30.3,164470
2005-11-01,30.3,30.3,29.54,29.87,125550
2005-11-02,29.82,30.76,29.74,30.45,117580
2005-11-03,30.65,31.71,30.3,30.47,121860
2005-11-04,30.45,30.65,29.5,30.65,67570
2005-11-07,30.89,32.1,29.7,32.03,85250
2005-11-08,32.1,32.16,31.53,31.7,174790
2005-11-09,31.67,32.71,31.52,32.64,200650
2005-11-10,32.77,33.68,32.42,33.54,236810
2005-11-11,33.29,34.15,32.74,33.17,141480
2005-11-14,33.89,33.89,32.77,33.06,189430
2005-11-15,33.14,33.28,32.03,32.13,161400
2005-11-16,32.42,32.48,31.25,32.37,124480
2005-11-17,32.49,33.05,32.12,32.95,84890
2005-11-18,33.11,33.68,32.96,33.53,142830
2005-11-21,33.5,34.89,32.05,34.79,190260
2005-11-22,32.53,33.68,32.53,33.34,492140
2005-11-23,33.29,33.7,33.14,33.52,166350
2005-11-25,33.64,33.74,33.28,33.28,57590
2005-11-28,32.61,33.4,32.61,33.19,467620
2005-11-29,33.32,33.66,32.25,32.56,104690
2005-11-30,32.16,33.02,32.13,32.59,179970
2005-12-01,33.05,33.7,32.67,33.57,157510
2005-12-02,33.71,34.21,32.94,34.07,80040
2005-12-05,33.58,34.27,33.21,34.23,98100
2005-12-06,34.58,35.43,34.43,34.99,128170
2005-12-07,35.48,35.48,34.65,34.94,82060
2005-12-08,34.78,35.63,34.78,35.38,117280
2005-12-09,35.61,35.65,35.09,35.22,133750
2005-12-12,35.41,35.41,34.52,34.8,109110
2005-12-13,34.97,35.02,34.21,34.8,73110
2005-12-14,33.69,34.39,33.1,34.25,171680
2005-12-15,34.0,34.03,32.91,33.5,147540
2005-12-16,33.75,34.8,33.75,34.63,231420
2005-12-19,34.71,34.71,34.0,34.11,80630
2005-12-20,34.37,34.89,34.16,34.46,74450
2005-12-21,34.6,34.8,34.05,34.32,79220
2005-12-22,34.68,34.88,34.05,34.71,125820
2005-12-23,34.55,35.25,34.55,34.97,54050
2005-12-27,35.22,35.31,34.84,34.91,79390
2005-12-28,35.14,35.19,34.77,34.86,65270
2005-12-29,35.01,35.1,34.72,34.78,57170
2005-12-30,35.0,35.0,34.12,34.62,41000
2006-01-03,35.0,38.11,34.88,37.89,487970
2006-01-04,37.79,39.1,37.7,38.02,245670
2006-01-05,38.2,39.3,37.76,38.8,326140
2006-01-06,38.81,40.01,38.81,39.99,224050
2006-01-09,40.25,41.75,40.23,40.6,287010
2006-01-10,40.93,40.93,38.53,38.97,296940
2006-01-11,39.55,40.11,38.5,40.11,137420
2006-01-12,40.27,40.28,38.96,39.0,104960
2006-01-13,39.22,39.49,38.55,38.8,104170
2006-01-17,19.75,19.75,18.52,19.18,133230
2006-01-18,18.84,19.29,18.82,19.13,115100
2006-01-19,19.3,19.98,19.25,19.7,175870
2006-01-20,19.85,19.88,18.77,19.0,195910
2006-01-23,19.17,19.52,18.87,19.45,293190
2006-01-24,20.29,20.54,19.68,20.21,683740
2006-01-25,20.18,20.69,20.04,20.67,206310
2006-01-26,20.75,21.34,20.45,21.06,363080
2006-01-27,21.02,22.0,21.01,21.9,458010
2006-01-30,22.0,22.75,21.69,22.59,1615820
2006-01-31,22.67,23.08,22.16,22.49,779020
2006-02-01,22.47,22.47,21.5,22.05,514870
2006-02-02,21.64,22.03,21.02,21.48,464810
2006-02-03,21.41,21.41,21.0,21.3,233260
2006-02-06,21.29,21.61,21.0,21.25,232160
2006-02-07,21.29,21.49,20.12,20.71,743000
2006-02-08,20.45,20.79,20.43,20.7,216870
2006-02-09,20.82,21.33,20.5,20.6,225840
2006-02-10,20.65,20.68,20.09,20.67,210100
2006-02-13,20.67,21.01,20.5,20.65,126170
2006-02-14,20.75,21.2,20.39,20.92,291960
2006-02-15,21.04,21.24,20.6,20.9,285750
2006-02-16,20.94,21.45,20.92,21.43,261040
2006-02-17,21.51,21.83,21.26,21.71,152760
2006-02-21,21.8,21.95,21.49,21.69,172730
2006-02-22,21.67,22.0,21.4,21.77,269220
2006-02-23,21.67,21.91,21.38,21.73,147900
2006-02-24,21.83,21.88,21.38,21.83,218140
2006-02-27,21.97,22.38,21.49,22.2,231800
2006-02-28,22.27,22.27,21.9,22.08,200230
2006-03-01,22.21,22.21,21.14,21.81,425730
2006-03-02,23.0,23.01,21.84,22.5,548420
2006-03-03,21.2,21.4,18.64,20.21,1340240
2006-03-06,20.22,20.98,20.08,20.95,482710
2006-03-07,20.99,21.31,20.57,21.17,276600
2006-03-08,21.0,21.28,20.5,21.1,218020
2006-03-09,21.02,21.34,20.82,21.15,207260
2006-03-10,21.0,21.37,20.65,21.37,191290
2006-03-13,21.53,21.94,21.29,21.54,326240
2006-03-14,21.57,22.29,21.54,22.13,290540
2006-03-15,22.12,22.25,21.8,21.91,367810
2006-03-16,22.15,22.15,21.62,21.75,162780
2006-03-17,21.86,21.86,20.54,21.23,372720
2006-03-20,21.08,21.32,21.05,21.3,181910
2006-03-21,21.35,21.35,20.47,20.7,465420
2006-03-22,20.57,20.75,20.1,20.25,277540
2006-03-23,20.27,20.42,20.12,20.4,234060
2006-03-24,20.33,20.69,20.16,20.49,332650
2006-03-27,20.42,20.85,20.13,20.69,195730
2006-03-28,20.72,20.89,20.12,20.16,108490
2006-03-29,20.2,20.52,19.71,20.28,296510
2006-03-30,20.18,20.43,19.97,20.07,191380
2006-03-31,20.08,20.92,20.0,20.81,262940
2006-04-03,20.93,20.99,20.0,20.1,254320
2006-04-04,20.0,20.5,19.98,20.19,139410
2006-04-05,20.17,20.54,20.04,20.51,90140
2006-04-06,20.61,20.61,20.02,20.23,156690
2006-04-07,20.26,20.45,19.92,19.99,149110
2006-04-10,19.92,20.49,19.59,20.2,229320
2006-04-11,20.11,20.2,19.9,20.06,188090
2006-04-12,19.99,20.1,19.71,20.1,173350
2006-04-13,20.11,20.48,19.92,20.01,109010
2006-04-17,19.97,20.19,19.89,20.1,237450
2006-04-18,19.9,21.5,19.88,21.48,223810
2006-04-19,21.56,22.11,21.28,22.1,210220
2006-04-20,22.2,22.36,21.5,21.87,150360
2006-04-21,21.83,22.18,21.4,21.54,186130
2006-04-24,21.39,21.49,20.68,21.18,179050
2006-04-25,21.1,21.31,20.7,21.0,137620
2006-04-26,20.98,21.25,20.45,21.03,182640
2006-04-27,20.8,21.72,20.22,20.38,338760
2006-04-28,21.36,21.55,20.83,21.04,734800
2006-05-01,20.97,21.99,20.97,21.39,501800
2006-05-02,21.51,21.51,20.43,20.91,281940
2006-05-03,20.82,21.51,20.56,21.42,203130
2006-05-04,21.36,23.64,21.29,23.01,577050
2006-05-05,23.13,23.4,22.8,22.94,349990
2006-05-08,22.95,23.25,22.74,23.12,289190
2006-05-09,23.2,23.2,22.17,22.8,180700
2006-05-10,22.68,22.85,22.35,22.5,331800
2006-05-11,22.57,22.57,21.81,22.1,380060
2006-05-12,21.99,22.28,21.95,22.2,268890
2006-05-15,21.99,22.59,21.9,22.36,382300
2006-05-16,22.52,22.92,22.25,22.47,369090
2006-05-17,22.26,22.49,22.0,22.0,365720
2006-05-18,22.15,22.73,22.02,22.1,578840
2006-05-19,22.21,22.9,21.93,22.34,694700
2006-05-22,22.44,22.65,21.04,21.69,462130
2006-05-23,21.84,22.34,20.76,20.88,342080
2006-05-24,20.78,21.13,20.2,20.74,246560
2006-05-25,21.0,21.25,20.33,20.67,197600
2006-05-26,20.89,20.9,20.06,20.4,221260
2006-05-30,20.39,20.43,19.75,19.76,277050
2006-05-31,19.87,20.13,19.32,19.55,525230
2006-06-01,19.56,19.76,19.25,19.64,267640
2006-06-02,19.8,20.26,19.79,20.2,253890
2006-06-05,20.03,20.3,19.84,19.92,274560
2006-06-06,19.92,20.24,19.76,20.13,399510
2006-06-07,20.12,20.68,20.0,20.51,364980
2006-06-08,20.51,20.65,19.98,20.51,364230
2006-06-09,20.52,20.62,20.32,20.53,261150
2006-06-12,20.5,20.55,20.35,20.5,314650
2006-06-13,20.4,20.43,19.88,20.2,603140
2006-06-14,20.15,20.25,19.7,19.98,312730
2006-06-15,20.11,20.3,19.93,20.16,422890
2006-06-16,20.16,20.25,19.96,20.01,400870
2006-06-19,20.01,20.11,19.21,19.31,331390
2006-06-20,19.41,19.41,18.87,18.88,315690
2006-06-21,18.85,19.2,18.85,18.97,292380
2006-06-22,19.0,19.0,18.72,18.96,427770
2006-06-23,18.84,19.02,18.58,18.75,233940
2006-06-26,18.89,19.04,18.38,18.58,188740
2006-06-27,18.53,18.73,17.9,17.98,487460
2006-06-28,18.1,18.19,17.84,17.89,395420
2006-06-29,18.19,19.22,18.13,19.03,489910
2006-06-30,19.18,19.31,18.66,19.0,290330
2006-07-03,18.9,19.7,18.9,19.69,151690
2006-07-05,19.49,19.62,18.64,18.77,138860
2006-07-06,18.77,19.24,18.69,19.08,317380
2006-07-07,18.98,18.98,18.36,18.49,139140
2006-07-10,18.53,19.53,18.21,19.37,523670
2006-07-11,19.46,21.08,19.34,20.99,540180
2006-07-12,20.87,21.08,20.72,20.76,396310
2006-07-13,20.67,20.67,19.77,20.5,399720
2006-07-14,20.42,20.48,20.18,20.23,380680
2006-07-17,19.55,20.59,19.5,20.1,333690
2006-07-18,20.2,20.78,19.93,20.62,204560
2006-07-19,20.56,21.86,20.47,21.54,273070
2006-07-20,21.68,22.0,20.37,20.42,232950
2006-07-21,20.32,21.06,19.82,20.79,149720
2006-07-24,20.98,22.18,20.67,22.01,337760
2006-07-25,22.0,22.3,21.21,21.51,335000
2006-07-26,21.3,21.39,20.39,20.92,242180
2006-07-27,21.98,22.89,21.14,22.47,591030
2006-07-28,22.56,22.59,21.12,22.12,314830
2006-07-31,22.0,22.5,21.62,22.4,337110
2006-08-01,22.15,22.64,21.51,21.96,184180
2006-08-02,22.17,22.37,21.05,21.18,212540
2006-08-03,20.98,22.42,20.58,22.23,264590
2006-08-04,22.47,22.94,21.53,22.05,263280
2006-08-07,21.79,21.8,21.01,21.5,237600
2006-08-08,21.64,21.73,20.21,20.31,221050
2006-08-09,20.5,20.5,19.71,19.89,313570
2006-08-10,19.9,21.25,19.53,21.0,395610
2006-08-11,20.91,21.08,19.91,20.23,217050
2006-08-14,20.75,20.81,20.03,20.08,140580
2006-08-15,20.33,21.02,20.25,20.84,232900
2006-08-16,21.02,21.54,20.83,21.43,175490
2006-08-17,21.3,21.65,20.91,21.24,92910
2006-08-18,21.35,21.35,20.75,21.25,86540
2006-08-21,21.08,21.16,20.68,21.0,160970
2006-08-22,21.0,21.32,20.89,21.28,172890
2006-08-23,21.32,21.39,20.08,20.15,181430
2006-08-24,20.3,20.57,19.76,20.25,137520
2006-08-25,20.14,20.29,19.96,20.22,119500
2006-08-28,20.35,20.64,20.13,20.56,136530
2006-08-29,20.69,21.09,20.28,21.03,164100
2006-08-30,21.1,21.33,20.77,21.21,258370
2006-08-31,21.37,21.37,20.76,20.76,264350
2006-09-01,20.81,21.06,20.28,20.7,187760
2006-09-05,20.82,21.18,20.67,21.1,126210
2006-09-06,20.9,21.22,20.69,21.18,153000
2006-09-07,21.17,21.27,20.85,21.06,124250
2006-09-08,21.05,21.21,20.74,21.15,173800
2006-09-11,20.95,21.27,20.57,21.27,151180
2006-09-12,21.2,21.85,21.15,21.78,177400
2006-09-13,21.87,22.73,21.51,22.57,150570
2006-09-14,22.4,23.0,22.27,22.81,229830
2006-09-15,22.94,22.96,21.8,22.05,304380
2006-09-18,21.89,22.22,21.85,22.1,171350
2006-09-19,22.04,22.32,21.45,21.94,216550
2006-09-20,22.13,22.41,21.65,22.05,263070
2006-09-21,22.2,22.49,21.82,22.08,94760
2006-09-22,21.93,22.5,21.21,21.77,341920
2006-09-25,21.73,22.43,21.42,22.35,137260
2006-09-26,22.31,23.16,21.94,22.97,171000
2006-09-27,22.99,23.15,22.47,22.97,245180
2006-09-28,23.13,23.4,22.08,22.35,180640
2006-09-29,22.43,23.0,21.9,21.97,262960
2006-10-02,21.86,21.95,21.07,21.08,421080
2006-10-03,20.97,21.04,20.38,20.47,632150
2006-10-04,20.52,21.28,20.5,21.27,446230
2006-10-05,21.41,22.36,21.02,22.31,214490
2006-10-06,22.31,22.38,21.89,22.38,326880
2006-10-09,22.42,22.9,22.34,22.77,161870
2006-10-10,22.9,23.25,22.65,22.99,286310
2006-10-11,22.99,23.75,22.78,23.35,417130
2006-10-12,23.57,24.53,23.57,23.99,382990
2006-10-13,24.11,24.25,23.6,24.0,124340
2006-10-16,24.18,24.74,23.87,24.73,128700
2006-10-17,24.49,24.75,24.03,24.16,224480
2006-10-18,24.23,24.65,24.2,24.45,172960
2006-10-19,24.52,24.64,23.89,24.0,182080
2006-10-20,24.0,24.2,23.69,23.84,155680
2006-10-23,23.73,24.16,23.51,24.01,178600
2006-10-24,24.03,24.25,23.67,23.78,154000
2006-10-25,23.87,23.97,23.58,23.97,132110
2006-10-26,24.5,25.49,24.17,25.39,659510
2006-10-27,25.09,25.2,24.28,24.36,306000
2006-10-30,24.16,24.49,23.2,23.48,459360
2006-10-31,23.61,23.7,22.13,23.14,588230
2006-11-01,23.27,23.27,22.3,22.34,455210
2006-11-02,22.24,22.65,22.1,22.16,239850
2006-11-03,22.3,22.6,22.02,22.3,361480
2006-11-06,22.29,22.93,22.27,22.63,427370
2006-11-07,22.64,23.07,22.59,22.94,597440
2006-11-08,22.78,23.24,22.66,23.05,165010
2006-11-09,23.03,23.21,22.85,22.91,200440
2006-11-10,22.87,23.26,22.81,23.22,149910
2006-11-13,23.09,23.44,22.94,23.21,201440
2006-11-14,23.21,24.26,23.21,24.26,258980
2006-11-15,24.25,24.81,24.16,24.61,126870
2006-11-16,24.62,24.9,24.1,24.6,145870
2006-11-17,24.59,24.88,24.05,24.27,132010
2006-11-20,24.18,24.74,24.05,24.6,186540
2006-11-21,24.58,24.83,24.38,24.66,180040
2006-11-22,24.66,25.0,24.65,24.83,191420
2006-11-24,24.62,24.97,24.25,24.32,39670
2006-11-27,24.07,24.24,23.57,23.7,183650
2006-11-28,23.66,23.98,23.25,23.82,104420
2006-11-29,24.0,24.18,23.24,23.42,240060
2006-11-30,23.31,23.56,22.83,22.92,289370
2006-12-01,23.05,23.05,22.27,22.71,292800
2006-12-04,22.69,23.97,22.69,23.85,238330
2006-12-05,24.03,24.31,23.66,23.83,123680
2006-12-06,23.93,24.0,23.22,23.25,162290
2006-12-07,23.22,23.33,21.96,21.99,494790
2006-12-08,21.67,21.86,21.26,21.6,508100
2006-12-11,21.54,22.74,21.31,22.65,331060
2006-12-12,22.68,22.91,22.21,22.61,490250
2006-12-13,22.58,22.81,22.41,22.62,149350
2006-12-14,22.68,23.19,22.59,23.07,179140
2006-12-15,23.18,23.51,23.18,23.36,303100
2006-12-18,23.44,23.65,23.01,23.25,295900
2006-12-19,23.2,24.02,22.79,23.91,612090
2006-12-20,24.0,24.0,23.51,23.72,358170
2006-12-21,23.66,24.12,23.52,24.06,494840
2006-12-22,24.01,24.01,23.64,23.68,587040
2006-12-26,23.6,23.64,23.27,23.51,232530
2006-12-27,23.6,24.01,23.48,23.9,179960
2006-12-28,23.76,23.95,23.42,23.58,157280
2006-12-29,23.5,23.67,22.88,22.99,194780
2007-01-03,23.0,23.01,22.0,22.44,368690
2007-01-04,22.27,22.64,22.14,22.23,197370
2007-01-05,22.05,22.1,21.44,21.53,208910
2007-01-08,21.73,21.73,21.0,21.17,259500
2007-01-09,21.29,21.29,20.59,20.99,422130
2007-01-10,20.83,20.96,20.21,20.52,421310
2007-01-11,20.67,20.69,19.85,20.12,969300
2007-01-12,20.1,20.28,19.95,20.02,683860
2007-01-16,19.99,20.63,19.94,20.41,856140
2007-01-17,20.25,20.47,20.15,20.41,394100
2007-01-18,20.46,21.19,20.32,20.74,1190440
2007-01-19,20.66,21.43,20.65,20.88,685720
2007-01-22,20.95,21.0,20.51,20.77,274970
2007-01-23,20.76,21.43,20.71,21.17,476020
2007-01-24,21.23,21.57,21.09,21.52,290690
2007-01-25,21.56,21.75,21.19,21.31,569270
2007-01-26,21.33,21.33,20.78,21.19,193920
2007-01-29,20.94,21.46,20.94,21.09,146000
2007-01-30,21.0,21.33,20.81,21.13,394190
2007-01-31,21.06,21.69,21.04,21.42,367310
2007-02-01,21.6,22.57,21.51,22.47,827030
2007-02-02,22.44,22.52,21.89,22.02,391990
2007-02-05,21.87,22.49,21.87,22.23,185200
2007-02-06,22.39,22.81,22.03,22.8,363530
2007-02-07,22.9,22.9,22.52,22.6,526340
2007-02-08,22.55,22.79,22.54,22.7,435770
2007-02-09,22.69,22.92,22.41,22.74,240660
2007-02-12,22.67,22.88,22.15,22.34,157900
2007-02-13,22.35,22.45,21.92,22.15,142950
2007-02-14,22.11,22.35,21.85,22.29,171480
2007-02-15,22.31,22.34,22.16,22.26,179890
2007-02-16,22.27,22.63,22.25,22.58,218860
2007-02-20,22.49,22.94,22.25,22.74,195920
2007-02-21,22.55,22.66,22.25,22.54,201890
2007-02-22,22.59,22.62,22.26,22.58,197670
2007-02-23,22.46,22.61,22.25,22.54,201580
2007-02-26,22.73,22.9,22.25,22.32,168520
2007-02-27,21.48,21.9,20.99,21.16,393040
2007-02-28,21.12,22.11,20.89,21.72,433470
2007-03-01,21.17,21.77,20.76,20.98,235050
2007-03-02,20.77,20.96,20.39,20.4,206100
2007-03-05,20.4,21.23,20.16,20.97,491990
2007-03-06,20.71,21.36,20.49,20.99,411810
2007-03-07,20.93,21.17,20.74,20.86,300090
2007-03-08,20.88,21.23,20.7,20.82,330330
2007-03-09,20.94,21.23,20.8,21.16,154270
2007-03-12,21.01,21.52,21.01,21.47,152810
2007-03-13,21.25,21.28,20.64,20.75,388260
2007-03-14,20.62,21.16,20.32,20.76,299950
2007-03-15,20.67,21.0,20.5,20.75,247990
2007-03-16,20.74,20.95,20.45,20.78,385210
2007-03-19,20.96,21.15,20.62,21.0,253550
2007-03-20,20.95,21.62,20.91,21.59,362360
2007-03-21,21.58,21.81,21.16,21.64,211110
2007-03-22,21.75,22.1,21.75,21.96,330430
2007-03-23,21.95,22.44,21.95,22.2,245590
2007-03-26,22.25,22.29,21.95,22.25,410650
2007-03-27,22.12,22.39,21.57,21.79,396920
2007-03-28,21.54,21.78,21.24,21.53,191660
2007-03-29,21.74,21.92,21.5,21.67,278110
2007-03-30,21.7,21.93,21.5,21.86,373020
2007-04-02,21.88,22.15,21.59,22.15,311820
2007-04-03,22.24,22.61,22.13,22.5,195560
2007-04-04,22.54,22.6,21.88,22.53,455950
2007-04-05,22.59,22.59,22.07,22.27,299000
2007-04-09,22.34,22.4,21.91,22.26,193650
2007-04-10,22.21,22.6,22.0,22.33,461820
2007-04-11,22.4,22.49,22.1,22.46,245620
2007-04-12,22.29,22.6,22.03,22.51,274620
2007-04-13,22.48,22.53,22.22,22.49,207480
2007-04-16,22.6,22.6,22.31,22.4,288440
2007-04-17,22.35,22.54,22.11,22.13,219600
2007-04-18,22.04,22.18,21.76,21.8,250080
2007-04-19,21.75,22.93,21.6,22.86,352020
2007-04-20,23.0,23.23,22.8,23.21,390560
2007-04-23,23.21,23.23,22.64,23.0,394160
2007-04-24,22.95,23.3,22.85,23.28,283070
2007-04-25,23.28,24.08,23.27,23.89,525420
2007-04-26,24.0,24.43,23.56,23.66,873590
2007-04-27,23.63,24.06,23.5,23.59,440760
2007-04-30,23.55,23.64,22.55,22.58,418520
2007-05-01,22.53,22.96,22.53,22.96,368600
2007-05-02,22.95,23.93,22.86,23.9,477510
2007-05-03,23.91,23.97,23.31,23.88,475890
2007-05-04,23.94,23.94,22.91,23.2,262440
2007-05-07,23.16,23.56,23.06,23.31,213560
2007-05-08,23.15,23.36,22.92,23.36,213370
2007-05-09,23.21,23.76,23.17,23.62,229200
2007-05-10,23.48,23.52,23.0,23.02,310120
2007-05-11,23.3,23.48,23.05,23.29,143510
2007-05-14,23.3,24.01,23.3,23.82,277000
2007-05-15,23.8,24.16,23.5,24.11,493110
2007-05-16,24.14,24.32,23.93,24.3,309170
2007-05-17,24.16,24.48,23.82,24.22,377170
2007-05-18,24.28,24.51,24.07,24.39,187980
2007-05-21,24.34,25.41,24.01,25.14,277490
2007-05-22,25.15,25.92,24.96,25.76,545050
2007-05-23,25.86,26.06,25.52,25.6,464100
2007-05-24,25.58,26.0,25.25,25.45,554270
2007-05-25,25.52,25.52,24.47,24.75,317560
2007-05-29,24.81,25.01,24.58,24.94,191480
2007-05-30,24.72,24.96,24.54,24.95,387960
2007-05-31,25.0,25.1,24.84,24.97,358480
2007-06-01,24.8,24.83,23.66,24.01,970650
2007-06-04,23.89,23.91,23.52,23.76,597020
2007-06-05,23.65,24.02,23.6,23.68,453300
2007-06-06,23.51,23.51,22.96,23.41,399120
2007-06-07,23.28,23.42,23.0,23.14,346160
2007-06-08,23.04,23.27,23.01,23.09,297540
2007-06-11,23.1,23.39,22.92,23.16,285800
2007-06-12,22.98,23.22,22.92,23.06,259140
2007-06-13,23.16,23.56,23.0,23.52,174810
2007-06-14,23.37,23.96,23.32,23.82,263150
2007-06-15,24.13,24.17,23.52,23.73,576700
2007-06-18,23.75,24.17,23.69,24.07,323660
2007-06-19,23.95,24.42,23.88,24.23,320730
2007-06-20,24.26,24.39,23.88,24.08,421180
2007-06-21,24.05,24.55,24.0,24.0,432400
2007-06-22,23.94,24.29,23.74,24.13,376850
2007-06-25,24.09,24.58,23.86,24.36,339790
2007-06-26,24.43,24.55,24.05,24.5,394320
2007-06-27,24.52,25.02,24.11,25.02,344390
2007-06-28,25.0,25.29,24.71,24.76,382830
2007-06-29,24.8,25.27,24.65,24.67,289700
2007-07-02,24.85,25.16,24.52,25.09,259610
2007-07-03,25.08,25.12,24.87,25.02,99890
2007-07-05,25.05,25.29,24.76,24.8,235240
2007-07-06,24.79,24.84,24.24,24.54,285710
2007-07-09,24.91,25.05,24.63,25.0,346420
2007-07-10,24.98,25.19,24.31,24.33,422060
2007-07-11,24.35,25.19,24.3,24.94,565420
2007-07-12,25.15,25.83,24.94,25.49,387200
2007-07-13,25.39,25.64,24.98,25.52,302060
2007-07-16,25.43,25.64,25.36,25.38,193530
2007-07-17,27.16,29.45,27.07,29.09,2767630
2007-07-18,28.79,29.32,28.4,28.59,944980
2007-07-19,28.94,28.97,28.19,28.6,500890
2007-07-20,28.51,28.74,27.91,28.02,605780
2007-07-23,28.56,28.56,27.84,28.21,433240
2007-07-24,27.87,29.86,27.87,29.18,1150670
2007-07-25,29.44,29.57,28.25,29.01,743510
2007-07-26,28.58,29.12,27.12,28.88,1226550
2007-07-27,27.92,29.57,27.69,27.8,1284440
2007-07-30,28.06,28.75,27.73,28.48,800610
2007-07-31,28.69,28.83,27.91,28.46,599060
2007-08-01,28.31,29.28,28.1,29.12,592200
2007-08-02,29.17,29.33,28.34,28.94,613660
2007-08-03,28.99,29.33,28.6,28.76,643250
2007-08-06,28.84,30.92,28.65,30.36,1094030
2007-08-07,30.25,32.82,30.25,32.02,1527760
2007-08-08,32.1,35.24,31.98,32.82,2143050
2007-08-09,32.2,35.58,31.57,33.86,2470050
2007-08-10,33.25,33.84,31.25,31.99,1221040
2007-08-13,32.37,32.37,29.11,29.95,1354080
2007-08-14,29.9,29.9,28.2,28.52,1094420
2007-08-15,28.84,29.76,28.83,29.51,903820
2007-08-16,29.28,30.63,28.74,30.61,967350
2007-08-17,31.55,33.33,31.28,32.39,884450
2007-08-20,32.77,33.24,32.4,32.96,487320
2007-08-21,33.0,33.12,32.0,32.84,492860
2007-08-22,32.99,34.21,32.68,33.25,506400
2007-08-23,33.34,33.46,31.2,31.38,359240
2007-08-24,30.69,31.72,30.5,31.66,359550
2007-08-27,31.5,32.3,31.08,31.66,226740
2007-08-28,31.01,32.47,29.7,29.95,566800
2007-08-29,30.27,30.87,30.02,30.67,291020
2007-08-30,30.34,30.85,30.18,30.74,468010
2007-08-31,31.19,31.49,30.77,30.98,233750
2007-09-04,30.89,31.04,30.15,30.23,551700
2007-09-05,30.05,30.08,29.15,29.76,531810
2007-09-06,29.74,30.34,29.22,29.69,311860
2007-09-07,29.42,29.6,28.38,28.69,374550
2007-09-10,29.5,30.72,29.25,29.3,669200
2007-09-11,29.4,29.91,29.0,29.48,354920
2007-09-12,29.42,29.54,28.89,29.32,394090
2007-09-13,29.57,30.51,29.01,29.92,458210
2007-09-14,29.73,30.65,29.71,30.35,271590
2007-09-17,30.32,31.46,30.24,31.0,506970
2007-09-18,31.23,33.86,31.23,33.83,1115840
2007-09-19,33.96,34.44,32.38,32.71,811240
2007-09-20,32.72,34.2,32.12,33.86,3540730
2007-09-21,34.22,34.6,33.92,34.44,824590
2007-09-24,34.2,35.03,33.98,34.8,932550
2007-09-25,34.69,35.27,34.2,35.09,720790
2007-09-26,35.44,35.44,34.66,34.91,579180
2007-09-27,35.26,35.29,34.65,34.87,492560
2007-09-28,34.77,35.0,34.38,34.81,496370
2007-10-01,34.5,34.89,33.63,34.43,685620
2007-10-02,34.5,35.46,34.1,34.91,580570
2007-10-03,34.53,35.69,33.56,35.47,533380
2007-10-04,35.5,35.98,35.21,35.29,472220
2007-10-05,35.76,35.85,34.43,34.61,617360
2007-10-08,34.44,34.73,34.02,34.19,291650
2007-10-09,34.75,35.32,33.85,35.32,574820
2007-10-10,35.15,35.28,34.68,34.97,720900
2007-10-11,35.2,35.26,33.6,33.88,611110
2007-10-12,33.99,35.16,33.78,35.06,522400
2007-10-15,35.26,35.62,34.94,35.05,1029390
2007-10-16,34.99,34.99,34.06,34.6,350760
2007-10-17,36.06,36.5,35.17,35.39,587170
2007-10-18,35.36,35.87,34.81,35.71,518850
2007-10-19,35.81,35.89,34.83,35.0,524810
2007-10-22,34.87,35.49,34.6,35.28,351830
2007-10-23,35.7,36.35,35.22,36.13,393720
2007-10-24,36.25,37.2,35.87,36.94,654300
2007-10-25,38.74,39.68,37.76,38.35,1139520
2007-10-26,38.8,39.94,38.76,39.59,766210
2007-10-29,39.88,41.82,39.61,39.72,935910
2007-10-30,39.81,40.0,38.65,38.69,629790
2007-10-31,39.31,39.31,38.18,38.56,956870
2007-11-01,38.19,38.49,37.0,38.33,639100
2007-11-02,38.53,38.91,37.18,38.75,526580
2007-11-05,38.19,39.45,38.04,39.05,423370
2007-11-06,39.68,41.21,39.68,41.15,827800
2007-11-07,40.57,40.6,38.57,38.6,764440
2007-11-08,39.24,39.46,37.51,39.41,589460
2007-11-09,39.03,39.9,38.5,38.75,405080
2007-11-12,38.8,39.85,38.03,38.78,497080
2007-11-13,39.22,40.59,38.27,40.5,495080
2007-11-14,40.62,40.68,38.29,38.82,622100
2007-11-15,38.56,38.91,37.57,38.58,432310
2007-11-16,38.68,39.07,37.63,38.87,420050
2007-11-19,37.62,38.98,36.45,37.08,732900
2007-11-20,37.01,37.4,36.01,36.7,418240
2007-11-21,36.41,37.0,35.93,36.57,383290
2007-11-23,36.93,38.19,36.57,38.06,150800
2007-11-26,37.6,39.58,37.6,38.61,644730
2007-11-27,38.8,39.82,38.4,39.63,559040
2007-11-28,40.0,41.18,39.39,40.38,722520
2007-11-29,40.4,40.65,39.62,39.81,773240
2007-11-30,40.0,41.08,39.4,39.71,574280
2007-12-03,39.94,40.55,39.45,39.72,478500
2007-12-04,20.05,20.2,18.99,19.89,693540
2007-12-05,20.33,21.03,19.92,20.64,912820
2007-12-06,20.53,20.63,20.07,20.6,1100170
2007-12-07,20.64,20.64,19.95,20.37,556440
2007-12-10,20.24,20.44,19.88,20.11,725580
2007-12-11,20.17,20.21,19.33,19.33,1021720
2007-12-12,20.08,20.14,19.68,20.06,1033290
2007-12-13,19.9,20.38,19.56,20.0,921150
2007-12-14,20.0,20.34,19.83,19.94,1002290
2007-12-17,19.78,20.1,19.52,19.97,894860
2007-12-18,20.03,20.61,19.8,20.49,1261840
2007-12-19,20.47,21.74,20.34,21.26,2030820
2007-12-20,21.73,22.5,21.46,22.4,2405960
2007-12-21,22.7,23.68,21.87,21.87,2506280
2007-12-24,22.32,22.52,22.07,22.3,507250
2007-12-26,22.51,22.75,22.11,22.65,639150
2007-12-27,22.69,22.69,21.33,21.55,792160
2007-12-28,21.81,22.22,21.7,21.76,524220
2007-12-31,21.39,21.89,20.95,21.02,915360
2008-01-02,21.04,21.65,20.33,20.99,1131450
2008-01-03,21.44,21.85,20.71,20.85,818450
2008-01-04,20.53,20.94,20.09,20.12,901960
2008-01-07,20.26,20.57,19.84,20.09,1146720
2008-01-08,20.01,20.42,19.24,19.45,1361130
2008-01-09,19.37,19.91,18.82,19.73,635450
2008-01-10,19.47,19.65,18.96,19.44,747580
2008-01-11,19.63,19.63,18.81,18.89,705310
2008-01-14,19.11,19.53,18.9,19.38,625210
2008-01-15,19.11,19.5,18.68,19.42,932710
2008-01-16,19.33,20.24,19.11,20.01,1080530
2008-01-17,20.0,20.6,19.47,19.5,882120
2008-01-18,19.34,21.21,19.34,20.88,1726070
2008-01-22,20.0,21.09,18.54,19.46,1457980
2008-01-23,19.0,20.65,19.0,20.33,1355340
2008-01-24,19.71,21.1,19.65,19.78,1219810
2008-01-25,20.03,20.41,18.97,19.07,1038400
2008-01-28,18.99,19.37,18.69,19.34,874700
2008-01-29,19.5,19.5,18.37,18.5,1226740
2008-01-30,18.33,18.38,17.57,17.7,1326690
2008-01-31,17.67,18.06,17.21,17.89,1759040
2008-02-01,18.0,20.33,17.92,20.15,2019610
2008-02-04,20.13,20.45,19.95,20.11,937770
2008-02-05,19.69,20.33,19.44,19.6,883010
2008-02-06,19.72,20.08,19.06,19.11,471980
2008-02-07,19.01,19.68,18.9,19.35,564170
2008-02-08,19.71,19.74,18.91,19.22,675640
2008-02-11,19.19,19.56,18.75,19.39,577100
2008-02-12,19.45,20.36,19.35,19.66,823060
2008-02-13,19.89,20.28,19.85,20.06,495520
2008-02-14,20.07,20.14,19.59,19.63,409170
2008-02-15,19.48,19.68,18.93,19.11,495260
2008-02-19,19.41,19.45,18.46,18.6,640670
2008-02-20,18.67,18.86,18.31,18.69,756980
2008-02-21,18.86,19.06,18.35,18.63,607040
2008-02-22,18.69,18.92,18.43,18.91,584990
2008-02-25,18.93,19.08,18.44,18.65,858520
2008-02-26,18.47,18.68,18.23,18.39,1360190
2008-02-27,21.29,22.93,21.08,21.72,5127020
2008-02-28,21.58,22.5,21.49,21.76,1751320
2008-02-29,21.73,22.16,21.16,21.26,1567950
2008-03-03,21.17,21.99,20.9,21.99,1046120
2008-03-04,21.67,21.91,21.06,21.42,717110
2008-03-05,21.48,22.0,21.35,21.74,1504730
2008-03-06,21.66,22.4,21.45,21.87,1255420
2008-03-07,21.59,22.49,21.46,22.1,1310720
2008-03-10,22.2,22.55,21.56,21.68,1266490
2008-03-11,22.3,22.86,21.61,22.1,1650200
2008-03-12,22.12,22.31,21.55,21.6,1042250
2008-03-13,21.31,22.82,21.23,22.4,1248580
2008-03-14,22.69,23.4,22.14,22.55,1267400
2008-03-17,21.97,22.25,21.5,21.77,766670
2008-03-18,22.29,22.86,21.65,22.6,1040950
2008-03-19,22.75,22.86,22.06,22.06,687440
2008-03-20,22.41,23.51,22.0,23.32,2954730
2008-03-24,23.75,24.95,23.66,23.86,1578040
2008-03-25,23.96,24.18,22.65,22.95,1234530
2008-03-26,22.75,23.11,22.5,22.84,783910
2008-03-27,22.91,23.34,22.31,22.5,858190
2008-03-28,22.91,22.91,21.87,22.05,812220
2008-03-31,21.99,22.69,21.9,22.47,858860
2008-04-01,22.89,22.99,22.17,22.46,1141670
2008-04-02,22.58,22.6,21.53,21.75,1116580
2008-04-03,21.57,21.83,20.93,21.64,1254650
2008-04-04,21.6,22.09,20.85,21.89,1389420
2008-04-07,22.22,22.24,21.79,21.91,1332310
2008-04-08,21.82,22.02,20.68,20.79,1338610
2008-04-09,20.91,20.93,19.56,20.02,3099490
2008-04-10,20.07,21.2,19.95,20.9,2043320
2008-04-11,20.69,20.84,20.01,20.07,963960
2008-04-14,19.99,20.52,19.85,19.97,803410
2008-04-15,20.1,20.25,19.76,20.11,771240
2008-04-16,20.1,21.13,19.98,21.11,1244820
2008-04-17,21.1,21.2,20.62,20.95,729550
2008-04-18,21.38,21.86,21.23,21.59,948160
2008-04-21,21.08,21.69,21.08,21.48,679470
2008-04-22,21.61,21.61,20.8,20.89,828350
2008-04-23,20.99,21.18,20.29,20.93,501010
2008-04-24,20.85,21.45,20.51,21.02,656030
2008-04-25,21.15,21.41,20.72,21.21,519820
2008-04-28,21.44,22.19,21.31,21.78,724650
2008-04-29,21.79,22.09,21.72,21.94,974140
2008-04-30,22.16,22.26,21.53,21.76,1176730
2008-05-01,23.0,23.25,22.05,22.86,1668460
2008-05-02,22.73,22.92,21.2,21.68,1357550
2008-05-05,21.91,21.97,21.14,21.37,947240
2008-05-06,21.2,21.2,20.23,20.53,1535740
2008-05-07,20.51,20.58,19.41,19.6,1470970
2008-05-08,19.85,22.0,19.8,21.56,2262200
2008-05-09,21.33,21.51,20.75,21.23,1365590
2008-05-12,21.32,21.8,21.32,21.63,659040
2008-05-13,21.63,21.82,21.48,21.75,640710
2008-05-14,22.03,22.44,21.85,21.87,767510
2008-05-15,21.95,22.25,21.31,22.19,1080710
2008-05-16,22.31,22.41,21.65,22.24,817010
2008-05-19,22.2,22.52,21.93,22.02,721670
2008-05-20,21.82,22.23,21.59,21.88,1460850
2008-05-21,22.02,22.45,21.32,21.59,1593560
2008-05-22,21.67,22.25,21.48,21.98,943960
2008-05-23,21.84,22.29,21.43,21.68,587720
2008-05-27,21.75,22.62,21.69,22.22,863890
2008-05-28,22.27,22.39,21.48,21.6,813910
2008-05-29,21.49,22.25,21.35,21.69,786220
2008-05-30,21.73,22.31,21.55,22.13,603560
2008-06-02,22.05,22.05,20.86,20.96,1437200
2008-06-03,20.95,20.95,19.78,20.1,2560110
2008-06-04,20.0,20.4,19.7,19.93,1365150
2008-06-05,19.9,19.97,18.61,19.16,3864160
2008-06-06,18.79,19.76,18.75,19.42,2361860
2008-06-09,19.24,19.62,18.95,19.24,1483170
2008-06-10,19.12,19.43,18.93,19.28,2167730
2008-06-11,19.47,19.62,19.09,19.19,1474410
2008-06-12,19.28,19.81,19.28,19.53,1356880
2008-06-13,19.85,20.31,19.63,20.12,1778260
2008-06-16,20.04,20.05,19.55,19.87,1157670
2008-06-17,19.87,20.0,19.52,19.61,1307520
2008-06-18,19.55,19.58,18.46,18.68,2699930
2008-06-19,18.06,18.06,16.38,17.47,9254770
2008-06-20,17.26,17.65,17.03,17.37,3322420
2008-06-23,16.94,17.48,16.56,17.13,3931200
2008-06-24,17.04,17.19,16.64,16.9,1635030
2008-06-25,16.98,17.36,16.73,16.98,2370590
2008-06-26,16.7,17.23,16.7,16.98,2308300
2008-06-27,16.97,17.96,16.88,17.96,3831420
2008-06-30,18.13,18.2,17.72,18.07,1938590
2008-07-01,18.04,18.65,17.68,18.39,2435520
2008-07-02,18.59,18.69,17.95,18.23,1668710
2008-07-03,18.17,18.66,17.77,18.38,889560
2008-07-07,18.35,18.95,18.0,18.32,1286410
2008-07-08,18.23,18.84,17.96,18.68,1217760
2008-07-09,18.6,18.9,18.0,18.11,1638400
2008-07-10,18.34,18.39,17.55,17.57,1715510
2008-07-11,17.51,17.53,16.51,17.14,2023480
2008-07-14,17.18,17.32,16.85,17.06,1253650
2008-07-15,16.84,17.14,15.96,16.98,1869080
2008-07-16,16.98,17.54,16.75,17.53,991840
2008-07-17,17.53,17.86,16.95,17.35,2015670
2008-07-18,17.53,17.61,17.15,17.26,822890
2008-07-21,17.35,17.64,17.09,17.34,799370
2008-07-22,17.13,17.42,17.09,17.41,806060
2008-07-23,17.63,17.65,17.1,17.28,1333760
2008-07-24,17.28,17.39,16.6,16.63,1024030
2008-07-25,16.56,17.39,16.51,17.24,1488160
2008-07-28,17.18,17.41,16.92,17.2,1330140
2008-07-29,17.09,17.5,16.97,17.47,984510
2008-07-30,17.63,17.91,17.44,17.81,1394370
2008-07-31,18.88,21.6,18.88,20.5,4968180
2008-08-01,20.42,20.58,19.78,20.12,2834740
2008-08-04,20.05,20.38,19.62,19.78,1492090
2008-08-05,20.0,20.57,19.75,20.49,1186890
2008-08-06,20.64,21.46,20.59,21.26,1191840
2008-08-07,21.09,21.41,20.6,20.7,1256710
2008-08-08,20.78,21.07,20.34,20.7,1189870
2008-08-11,20.75,21.3,20.6,20.98,665940
2008-08-12,21.32,21.5,20.8,21.45,1197250
2008-08-13,21.5,21.5,20.89,21.04,1335600
2008-08-14,20.93,21.51,20.93,21.4,1109890
2008-08-15,21.32,21.46,20.26,20.51,838750
2008-08-18,20.79,20.9,20.18,20.32,542030
2008-08-19,20.39,20.4,19.9,19.96,1486360
2008-08-20,20.17,20.28,19.48,19.72,887100
2008-08-21,19.72,19.95,19.29,19.6,1270640
2008-08-22,19.55,19.82,19.49,19.7,444950
2008-08-25,19.56,19.78,19.33,19.53,986750
2008-08-26,19.34,19.68,19.2,19.27,794300
2008-08-27,19.53,19.88,19.22,19.37,789340
2008-08-28,19.63,19.83,17.54,18.14,3174220
2008-08-29,18.12,18.92,18.11,18.73,1158710
2008-09-02,19.08,19.29,18.57,18.59,943920
2008-09-03,18.49,18.73,17.84,18.1,1122540
2008-09-04,18.05,18.2,17.61,17.67,2033710
2008-09-05,17.66,17.87,17.15,17.43,1138540
2008-09-08,17.66,18.0,17.37,17.49,1455580
2008-09-09,17.63,17.67,16.17,16.25,1867320
2008-09-10,16.52,17.21,16.52,17.07,1316780
2008-09-11,16.71,18.14,16.66,17.95,2592430
2008-09-12,17.72,18.04,17.67,18.01,1169040
2008-09-15,17.76,18.0,17.29,17.75,754460
2008-09-16,17.56,18.08,17.42,18.03,925020
2008-09-17,17.92,18.01,17.08,17.95,1594240
2008-09-18,17.34,18.04,17.27,17.88,1640870
2008-09-19,17.26,18.32,17.21,17.69,1797350
2008-09-22,17.54,17.88,17.2,17.21,1565370
2008-09-23,17.22,17.79,16.91,17.6,1098480
2008-09-24,17.61,17.88,17.38,17.4,763240
2008-09-25,17.47,18.06,17.14,17.77,944440
2008-09-26,17.62,17.97,17.14,17.91,771750
2008-09-29,17.65,17.74,17.27,17.67,1038360
2008-09-30,17.8,18.13,16.8,16.97,1254210
2008-10-01,16.85,16.9,15.92,16.0,1192570
2008-10-02,15.97,16.01,14.87,14.95,1108680
2008-10-03,15.07,15.69,14.5,14.53,1273370
2008-10-06,14.36,14.36,13.36,13.86,1348010
2008-10-07,13.31,14.36,13.01,13.01,1059690
2008-10-08,12.84,13.69,12.37,13.24,1308320
2008-10-09,13.28,14.2,13.23,13.37,2095350
2008-10-10,13.06,14.2,12.5,13.9,1726360
2008-10-13,14.33,15.37,14.04,14.92,1917410
2008-10-14,15.38,16.2,14.5,14.72,1224980
2008-10-15,14.54,14.59,13.47,13.54,758610
2008-10-16,13.73,14.3,12.7,14.24,1629840
2008-10-17,14.86,14.86,13.89,14.66,1033260
2008-10-20,14.69,15.25,14.69,15.16,868660
2008-10-21,15.09,15.5,14.76,14.84,1128620
2008-10-22,14.78,14.78,13.9,14.34,1254510
2008-10-23,14.4,14.41,12.54,13.0,1746060
2008-10-24,12.49,12.49,11.54,12.1,2050290
2008-10-27,11.67,11.84,9.83,10.12,3543660
2008-10-28,10.82,11.62,10.11,11.46,2168290
2008-10-29,11.64,12.31,11.4,11.96,1318500
2008-10-30,11.06,11.27,9.83,11.18,8289260
2008-10-31,10.91,11.53,10.53,11.44,1359900
2008-11-03,11.4,11.91,10.83,11.5,1313350
2008-11-04,11.71,12.15,11.11,12.04,1332800
2008-11-05,11.43,12.12,11.32,11.75,1098450
2008-11-06,11.56,11.77,11.24,11.3,1130830
2008-11-07,11.29,11.47,10.95,11.28,751880
2008-11-10,11.49,11.57,10.87,11.02,634210
2008-11-11,10.87,10.87,10.06,10.19,1091440
2008-11-12,10.08,10.17,9.44,9.65,1604560
2008-11-13,9.7,10.59,9.21,10.57,1269490
2008-11-14,10.38,10.38,9.7,9.74,833540
2008-11-17,9.72,9.96,9.66,9.73,1313720
2008-11-18,10.16,10.16,9.26,9.62,1248240
2008-11-19,9.56,9.77,9.12,9.12,709240
2008-11-20,9.42,9.54,8.85,9.01,1469130
2008-11-21,9.06,9.13,8.67,9.1,1659860
2008-11-24,9.29,10.28,9.28,10.17,1651930
2008-11-25,10.31,10.47,9.98,10.45,737120
2008-11-26,10.18,10.71,10.1,10.48,1080280
2008-11-28,10.5,10.65,10.28,10.42,299020
2008-12-01,10.27,10.49,9.87,9.9,1128820
2008-12-02,9.96,10.0,9.07,9.28,1094460
2008-12-03,9.1,9.37,8.74,8.98,1841000
2008-12-04,8.95,9.24,8.75,8.88,1615010
2008-12-05,8.79,9.44,8.79,9.41,1256550
2008-12-08,9.53,10.11,9.53,10.02,1262460
2008-12-09,9.91,10.36,9.85,9.95,641740
2008-12-10,10.07,10.27,9.82,10.0,668850
2008-12-11,9.76,9.96,9.42,9.6,713530
2008-12-12,9.35,10.23,9.17,10.2,1420120
2008-12-15,10.2,10.5,10.02,10.3,1044330
2008-12-16,10.4,10.52,10.19,10.38,782450
2008-12-17,10.2,10.51,10.07,10.12,1149770
2008-12-18,10.1,10.28,9.96,10.05,938420
2008-12-19,10.2,11.13,10.11,10.96,1634050
2008-12-22,11.05,12.02,11.03,11.54,3902150
2008-12-23,11.86,11.86,11.43,11.5,2267450
2008-12-24,11.54,11.59,11.27,11.41,570410
2008-12-26,11.42,11.56,11.05,11.56,416590
2008-12-29,11.63,11.74,11.35,11.44,723280
2008-12-30,11.55,11.55,11.17,11.38,1101580
2008-12-31,11.42,11.88,11.33,11.66,1281140
2009-01-02,11.07,12.42,11.07,12.37,838340
2009-01-05,12.31,12.55,11.99,12.55,958270
2009-01-06,12.5,13.54,12.5,13.31,1170970
2009-01-07,13.08,13.15,12.46,12.62,1032060
2009-01-08,12.54,12.87,12.49,12.85,927270
2009-01-09,12.72,12.73,11.18,11.53,1903230
2009-01-12,11.47,11.56,11.08,11.28,1161980
2009-01-13,11.29,11.61,11.09,11.51,1001390
2009-01-14,11.09,11.33,10.82,10.98,1705170
2009-01-15,11.0,11.59,10.79,11.44,1035780
2009-01-16,11.59,12.24,11.43,12.04,1300490
2009-01-20,11.95,12.29,11.38,11.41,1356310
2009-01-21,11.49,11.56,11.05,11.52,769660
2009-01-22,11.42,11.55,10.95,11.28,701710
2009-01-23,11.07,11.5,10.75,11.44,1032610
2009-01-26,11.4,11.66,11.23,11.34,1000290
2009-01-27,11.31,11.59,11.14,11.29,661150
2009-01-28,11.36,11.76,11.36,11.52,982820
2009-01-29,11.36,11.92,11.35,11.8,1052100
2009-01-30,11.82,11.95,11.47,11.55,764110
2009-02-02,11.46,12.24,11.42,12.16,1001080
2009-02-03,12.15,12.31,11.95,12.22,929410
2009-02-04,12.22,12.79,12.1,12.27,542950
2009-02-05,12.23,12.8,12.13,12.68,862590
2009-02-06,12.71,13.2,12.58,12.99,1051700
2009-02-09,13.0,13.18,12.85,13.06,876080
2009-02-10,12.94,13.24,12.47,12.58,944700
2009-02-11,12.66,12.7,12.08,12.13,757380
2009-02-12,12.13,12.43,11.86,12.41,934440
2009-02-13,12.44,12.53,11.75,12.19,680210
2009-02-17,11.93,12.25,11.8,12.07,615340
2009-02-18,12.03,12.13,11.91,12.04,1450340
2009-02-19,12.04,12.12,11.77,11.98,2033700
2009-02-20,11.85,12.16,11.62,12.02,1682570
2009-02-23,12.02,12.19,11.05,11.14,1059160
2009-02-24,11.18,11.3,10.75,10.83,1985050
2009-02-25,10.97,11.47,10.83,11.44,1970110
2009-02-26,11.49,12.07,11.13,12.0,2542950
2009-02-27,12.1,14.06,11.79,13.5,2968530
2009-03-02,13.35,13.59,13.06,13.26,2156080
2009-03-03,13.35,13.55,12.96,12.98,1372560
2009-03-04,13.1,13.79,12.9,13.5,1438660
2009-03-05,13.38,13.63,12.9,12.99,913700
2009-03-06,13.04,13.43,11.99,12.2,2088070
2009-03-09,12.15,12.56,12.15,12.39,1973480
2009-03-10,12.62,13.09,12.05,13.02,1153680
2009-03-11,13.41,13.42,12.9,12.98,1661850
2009-03-12,13.04,13.25,12.8,13.01,1663760
2009-03-13,13.09,13.21,12.89,13.12,1323880
2009-03-16,13.27,13.96,13.12,13.79,1238970
2009-03-17,13.69,14.01,13.52,14.01,988090
2009-03-18,14.0,14.46,13.68,14.35,1245470
2009-03-19,14.19,14.72,14.05,14.32,1041720
2009-03-20,14.35,14.78,14.22,14.35,905520
2009-03-23,14.5,15.05,14.37,15.05,849600
2009-03-24,14.84,15.21,14.73,14.95,1051620
2009-03-25,14.96,15.13,13.95,14.26,1159690
2009-03-26,14.39,15.06,14.37,14.95,1603100
2009-03-27,14.79,15.05,14.64,14.85,1018790
2009-03-30,14.55,14.55,14.0,14.29,677890
2009-03-31,14.35,14.56,14.09,14.27,702060
2009-04-01,14.08,14.33,13.9,14.3,1789380
2009-04-02,14.49,15.96,14.49,15.09,2002980
2009-04-03,15.16,15.58,15.12,15.52,887040
2009-04-06,15.23,15.53,14.89,15.21,517650
2009-04-07,15.14,15.32,14.94,15.1,528170
2009-04-08,15.22,15.53,15.05,15.49,712630
2009-04-09,15.81,16.11,15.62,16.07,914970
2009-04-13,15.9,16.1,15.61,16.05,734030
2009-04-14,15.98,16.13,15.76,15.81,474760
2009-04-15,15.94,16.05,15.71,16.0,899090
2009-04-16,16.17,16.54,16.03,16.47,838300
2009-04-17,16.46,16.74,16.26,16.48,825170
2009-04-20,16.18,16.32,15.9,16.13,582130
2009-04-21,16.1,16.5,16.0,16.1,1141570
2009-04-22,15.94,16.57,15.94,16.4,910430
2009-04-23,16.27,16.51,16.08,16.29,827540
2009-04-24,16.45,16.58,16.06,16.43,1151500
2009-04-27,16.2,16.5,15.75,15.99,1164100
2009-04-28,15.75,16.22,15.59,15.61,980330
2009-04-29,15.79,16.38,15.66,16.35,1422250
2009-04-30,16.59,17.51,16.46,16.98,1074580
2009-05-01,17.26,17.5,16.63,17.31,784620
2009-05-04,17.5,17.6,17.18,17.32,885620
2009-05-05,17.07,17.6,17.07,17.55,913430
2009-05-06,17.52,17.65,17.02,17.22,1207990
2009-05-07,17.32,17.41,16.52,16.6,801350
2009-05-08,16.6,17.24,16.33,16.59,848450
2009-05-11,16.4,16.53,16.09,16.15,1019790
2009-05-12,16.7,16.7,15.45,15.59,917850
2009-05-13,15.53,15.64,14.92,15.26,1244500
2009-05-14,15.27,15.63,15.15,15.23,738170
2009-05-15,15.11,15.36,15.03,15.25,704720
2009-05-18,15.26,15.69,15.2,15.63,807310
2009-05-19,15.36,15.55,15.09,15.38,995420
2009-05-20,15.42,15.85,15.22,15.29,918100
2009-05-21,15.44,15.44,14.72,15.16,947760
2009-05-22,15.26,15.51,15.05,15.31,511270
2009-05-26,15.31,15.8,15.0,15.65,616100
2009-05-27,15.65,16.1,15.46,15.56,800120
2009-05-28,15.55,15.7,14.99,15.35,655300
2009-05-29,15.34,15.58,15.11,15.21,890660
2009-06-01,15.81,15.95,15.49,15.75,1127950
2009-06-02,15.62,16.25,15.51,16.13,981840
2009-06-03,15.98,16.19,15.88,16.12,827070
2009-06-04,16.08,16.12,15.65,16.06,789850
2009-06-05,16.13,16.27,15.7,16.06,742020
2009-06-08,16.06,16.06,15.48,15.8,692310
2009-06-09,15.88,16.17,15.78,15.99,421280
2009-06-10,16.1,16.25,15.65,15.91,523520
2009-06-11,16.01,16.35,15.74,15.9,731190
2009-06-12,15.9,16.18,15.5,15.76,441290
2009-06-15,15.68,15.95,15.43,15.88,888290
2009-06-16,15.99,16.13,15.57,15.69,939290
2009-06-17,15.63,16.14,15.38,15.84,942210
2009-06-18,15.74,15.98,15.69,15.94,540750
2009-06-19,16.01,16.2,15.66,16.05,884350
2009-06-22,15.93,16.19,15.51,15.59,665940
2009-06-23,15.62,15.89,15.21,15.29,930680
2009-06-24,15.39,15.94,15.39,15.79,683400
2009-06-25,15.74,16.26,15.39,16.26,766410
2009-06-26,16.18,16.53,16.13,16.3,1758280
2009-06-29,16.28,16.48,16.07,16.31,620780
2009-06-30,16.36,16.6,16.16,16.45,860230
2009-07-01,16.61,16.75,16.38,16.42,741870
2009-07-02,16.34,16.42,15.79,16.22,595560
2009-07-06,16.08,16.26,15.7,15.9,457850
2009-07-07,15.81,15.98,15.66,15.77,574250
2009-07-08,15.83,15.94,15.4,15.61,573200
2009-07-09,15.67,15.83,15.51,15.7,438950
2009-07-10,15.94,16.0,15.29,15.66,715660
2009-07-13,15.64,15.79,15.23,15.61,706250
2009-07-14,15.6,16.02,15.6,15.92,569710
2009-07-15,16.06,16.35,15.98,16.25,518790
2009-07-16,16.28,16.63,16.01,16.45,728770
2009-07-17,16.56,16.7,16.31,16.63,363930
2009-07-20,17.01,18.02,16.98,17.99,1472410
2009-07-21,17.87,18.12,17.41,17.68,590980
2009-07-22,17.68,17.96,17.48,17.78,417900
2009-07-23,17.76,18.42,17.52,18.33,805030
2009-07-24,17.97,18.27,17.71,18.19,535130
2009-07-27,18.16,18.2,17.84,18.06,501480
2009-07-28,18.07,18.32,17.83,18.05,420630
2009-07-29,18.21,18.36,17.84,18.05,491370
2009-07-30,17.88,18.2,17.11,17.56,1310880
2009-07-31,17.75,18.01,17.25,17.94,688190
2009-08-03,18.0,18.08,17.5,17.8,537680
2009-08-04,17.69,18.03,17.53,18.0,424810
2009-08-05,18.0,18.0,17.68,17.85,444480
2009-08-06,17.84,17.95,17.51,17.73,451250
2009-08-07,17.95,18.02,17.78,18.0,397950
2009-08-10,17.88,17.99,17.69,17.93,479150
2009-08-11,17.83,17.9,17.37,17.63,511820
2009-08-12,17.57,17.86,17.47,17.52,338730
2009-08-13,17.24,17.82,16.94,17.78,737110
2009-08-14,17.71,17.98,17.36,17.64,415910
2009-08-17,17.51,17.71,16.7,16.71,453130
2009-08-18,17.47,17.47,16.62,16.79,382740
2009-08-19,16.65,17.4,16.6,17.3,502400
2009-08-20,17.31,18.01,16.98,17.87,567830
2009-08-21,17.95,18.21,17.69,18.08,790270
2009-08-24,18.07,18.23,17.73,17.78,499610
2009-08-25,17.89,18.0,17.24,17.34,767830
2009-08-26,17.35,17.6,17.25,17.31,276700
2009-08-27,17.33,17.39,17.04,17.3,372270
2009-08-28,17.45,17.59,17.06,17.47,615990
2009-08-31,17.3,17.93,17.27,17.36,640570
2009-09-01,17.51,17.55,16.65,16.81,633670
2009-09-02,16.74,16.99,16.54,16.83,389340
2009-09-03,16.88,16.92,16.7,16.85,314190
2009-09-04,16.89,17.22,16.67,17.09,208610
2009-09-08,17.13,17.27,16.84,17.21,233700
2009-09-09,17.15,17.46,16.94,17.3,232960
2009-09-10,17.31,17.48,17.13,17.34,255790
2009-09-11,17.31,17.66,17.2,17.61,285130
2009-09-14,17.57,18.21,17.49,18.17,513760
2009-09-15,18.54,19.03,18.24,19.03,1017280
2009-09-16,18.97,19.19,18.9,19.16,893950
2009-09-17,19.0,19.16,18.98,19.08,447430
2009-09-18,19.09,19.14,18.8,19.07,505640
2009-09-21,18.87,19.06,18.68,19.06,607930
2009-09-22,19.11,19.21,18.92,19.01,406060
2009-09-23,19.14,19.23,18.6,18.6,611030
2009-09-24,18.73,18.73,18.33,18.39,426360
2009-09-25,18.37,18.65,18.37,18.48,381020
2009-09-28,18.59,18.63,18.41,18.51,359870
2009-09-29,18.58,18.72,18.52,18.63,381840
2009-09-30,18.56,18.7,18.2,18.54,361090
2009-10-01,18.54,18.85,18.34,18.74,723650
2009-10-02,18.72,19.07,18.57,18.64,543160
2009-10-05,18.78,19.05,18.23,19.05,373200
2009-10-06,19.11,19.53,18.78,19.1,454510
2009-10-07,19.02,19.23,18.7,19.22,483400
2009-10-08,19.28,19.59,19.13,19.47,423130
2009-10-09,19.38,19.71,19.28,19.71,254560
2009-10-12,19.46,19.46,18.66,19.04,527150
2009-10-13,19.08,19.14,18.71,19.11,362890
2009-10-14,19.22,19.35,18.94,19.1,387220
2009-10-15,19.2,19.28,18.96,19.28,282890
2009-10-16,19.15,19.15,18.83,18.94,349460
2009-10-19,18.86,19.05,18.65,18.8,514730
2009-10-20,18.76,18.79,18.06,18.29,905220
2009-10-21,18.32,18.61,18.22,18.36,498710
2009-10-22,18.41,18.67,18.21,18.53,775110
2009-10-23,18.55,18.67,18.31,18.56,406710
2009-10-26,18.49,18.79,18.26,18.51,526990
2009-10-27,18.48,18.48,17.78,17.79,767290
2009-10-28,17.87,17.94,16.9,16.9,742440
2009-10-29,17.94,18.19,17.19,17.81,888750
2009-10-30,17.7,17.93,17.21,17.27,651010
2009-11-02,16.87,17.4,16.5,17.32,659340
2009-11-03,17.29,18.01,17.17,18.0,441610
2009-11-04,18.1,18.15,17.46,17.48,825140
2009-11-05,17.68,17.68,17.21,17.3,611600
2009-11-06,17.25,17.41,16.92,17.23,452330
2009-11-09,17.36,17.71,17.23,17.7,404940
2009-11-10,17.64,17.93,17.52,17.85,421640
2009-11-11,18.0,18.21,17.84,18.1,491080
2009-11-12,18.01,18.26,17.74,17.79,546490
2009-11-13,17.74,18.01,17.59,17.92,428140
2009-11-16,18.0,18.47,17.85,18.43,562260
2009-11-17,18.29,18.61,18.24,18.54,557010
2009-11-18,18.71,18.71,18.14,18.15,632230
2009-11-19,18.01,18.08,17.7,17.99,391640
2009-11-20,17.85,18.07,17.69,17.84,284500
2009-11-23,18.05,18.09,17.85,17.99,396350
2009-11-24,18.0,18.14,17.75,18.02,364320
2009-11-25,17.99,18.05,17.85,18.03,276110
2009-11-27,17.59,17.93,17.26,17.57,311020
2009-11-30,17.5,17.5,17.06,17.43,372860
2009-12-01,17.5,17.84,17.5,17.78,281100
2009-12-02,17.84,18.27,17.7,18.2,605650
2009-12-03,18.23,18.58,18.23,18.45,512450
2009-12-04,18.57,18.92,18.41,18.79,554240
2009-12-07,18.66,18.83,18.58,18.66,589620
2009-12-08,18.46,18.61,18.22,18.41,641250
2009-12-09,18.33,18.68,18.18,18.48,458980
2009-12-10,18.55,18.65,18.35,18.56,478170
2009-12-11,18.71,18.74,18.38,18.49,230070
2009-12-14,18.58,18.71,18.39,18.71,287670
2009-12-15,18.7,19.17,18.5,19.17,479760
2009-12-16,19.22,19.25,18.98,19.08,507800
2009-12-17,18.92,18.98,18.65,18.87,231240
2009-12-18,18.89,19.27,18.74,19.21,650870
2009-12-21,19.4,19.5,19.1,19.23,390570
2009-12-22,19.35,19.51,19.11,19.51,344750
2009-12-23,19.58,19.64,19.28,19.59,347220
2009-12-24,19.57,19.99,19.4,19.7,87590
2009-12-28,19.81,20.02,19.77,20.01,407750
2009-12-29,19.99,20.12,19.82,19.83,316280
2009-12-30,19.74,20.02,19.74,20.0,284920
2009-12-31,20.05,20.07,19.59,19.59,453750
2010-01-04,19.68,20.23,19.52,19.69,791980
2010-01-05,19.63,19.84,19.49,19.83,326860
2010-01-06,19.46,19.84,19.36,19.79,466650
2010-01-07,19.92,19.96,19.69,19.84,499980
2010-01-08,19.84,20.14,19.79,20.14,351000
2010-01-11,20.26,20.55,20.17,20.54,475160
2010-01-12,20.5,20.58,20.13,20.38,358480
2010-01-13,20.36,20.37,20.01,20.28,602470
2010-01-14,20.27,20.38,19.98,20.02,480240
2010-01-15,20.06,20.13,19.91,19.99,567940
2010-01-19,20.56,20.56,19.76,19.99,547680
2010-01-20,20.09,20.58,19.86,19.99,1160270
2010-01-21,20.12,20.35,19.69,19.85,754800
2010-01-22,19.89,19.89,19.39,19.61,575480
2010-01-25,19.76,19.86,19.49,19.71,482520
2010-01-26,19.7,19.72,19.38,19.41,499080
2010-01-27,19.29,19.39,19.15,19.27,492370
2010-01-28,19.23,19.23,18.88,18.95,290140
2010-01-29,19.0,19.11,18.65,18.75,490410
2010-02-01,18.76,18.8,18.5,18.65,648090
2010-02-02,18.59,19.16,18.44,18.9,736510
2010-02-03,18.88,18.96,18.47,18.6,735700
2010-02-04,18.5,18.63,18.02,18.32,665830
2010-02-05,18.24,18.37,18.04,18.37,378430
2010-02-08,18.3,18.56,18.15,18.15,265780
2010-02-09,18.36,18.59,18.16,18.43,217180
2010-02-10,18.36,18.54,18.15,18.5,361220
2010-02-11,18.43,18.6,18.29,18.58,287200
2010-02-12,18.41,18.83,18.22,18.83,535670
2010-02-16,18.88,19.01,18.75,18.82,366940
2010-02-17,18.79,19.02,18.79,18.84,372360
2010-02-18,18.95,18.95,18.77,18.83,320620
2010-02-19,18.89,18.95,18.73,18.82,332510
2010-02-22,18.91,19.14,18.72,18.75,278960
2010-02-23,18.68,18.91,18.52,18.56,315180
2010-02-24,18.61,18.98,18.49,18.94,385030
2010-02-25,18.81,18.99,18.56,18.94,634650
2010-02-26,19.06,19.3,18.86,19.15,982790
2010-03-01,19.17,19.5,19.1,19.37,884700
2010-03-02,19.32,19.81,19.22,19.75,490770
2010-03-03,19.82,20.08,19.54,19.9,500870
2010-03-04,19.9,20.19,19.84,19.89,537650
2010-03-05,20.02,20.19,19.95,20.16,622590
2010-03-08,20.1,20.41,20.03,20.25,462720
2010-03-09,20.2,20.75,20.11,20.58,641700
2010-03-10,20.51,20.56,20.23,20.55,1219080
2010-03-11,20.43,20.76,20.37,20.76,622940
2010-03-12,20.75,20.83,20.48,20.71,533690
2010-03-15,20.71,20.9,20.43,20.6,395310
2010-03-16,20.58,20.79,20.43,20.65,492360
2010-03-17,20.75,20.8,20.37,20.4,653860
2010-03-18,20.41,20.52,20.28,20.32,543200
2010-03-19,20.43,20.43,19.85,20.1,1230500
2010-03-22,20.0,20.46,19.92,20.36,691200
2010-03-23,20.42,20.62,20.09,20.48,826730
2010-03-24,20.38,20.46,20.07,20.19,365190
2010-03-25,20.35,20.44,19.81,19.85,669790
2010-03-26,19.86,19.95,19.54,19.62,751620
2010-03-29,19.66,20.03,19.54,20.03,504900
2010-03-30,19.96,20.29,19.96,20.19,471410
2010-03-31,20.2,20.5,20.11,20.3,475130
2010-04-01,20.42,20.66,20.18,20.34,718040
2010-04-05,20.35,20.35,20.02,20.21,454150
2010-04-06,20.08,20.27,20.01,20.15,555610
2010-04-07,20.21,20.35,20.03,20.16,594340
2010-04-08,20.15,20.22,19.84,20.12,504050
2010-04-09,20.06,20.19,19.88,20.19,486060
2010-04-12,20.29,20.5,20.09,20.41,430890
2010-04-13,20.41,20.47,20.17,20.32,413190
2010-04-14,20.36,20.53,20.17,20.51,284780
2010-04-15,20.43,20.81,20.38,20.7,407100
2010-04-16,20.62,20.77,20.31,20.43,233870
2010-04-19,20.45,20.65,20.26,20.58,272470
2010-04-20,20.67,20.85,20.51,20.83,356200
2010-04-21,20.83,20.95,20.47,20.76,540840
2010-04-22,20.58,21.01,20.41,21.01,568130
2010-04-23,21.0,21.43,20.85,21.42,390200
2010-04-26,21.34,21.73,21.18,21.57,698490
2010-04-27,21.38,21.7,21.05,21.14,530270
2010-04-28,21.21,21.39,20.94,21.2,375210
2010-04-29,21.92,22.0,20.93,21.18,923070
2010-04-30,20.99,21.5,20.99,21.07,756590
2010-05-03,21.19,21.38,20.89,21.23,840810
2010-05-04,21.02,21.02,20.2,20.4,638170
2010-05-05,20.38,20.68,20.03,20.12,592430
2010-05-06,20.08,20.41,18.5,19.42,687350
2010-05-07,19.27,19.36,18.6,18.7,648770
2010-05-10,19.36,20.67,19.36,19.74,509870
2010-05-11,19.53,20.04,19.2,19.72,396960
2010-05-12,19.81,20.27,19.46,20.24,525480
2010-05-13,20.34,20.34,19.82,19.89,308230
2010-05-14,19.75,19.83,19.0,19.11,509680
2010-05-17,19.14,19.31,18.51,18.95,549740
2010-05-18,19.1,19.31,18.29,18.43,722100
2010-05-19,18.3,18.54,18.0,18.28,812010
2010-05-20,17.91,18.0,17.46,17.5,1047560
2010-05-21,17.35,18.2,17.35,18.01,1134890
2010-05-24,18.01,18.44,17.81,17.95,771980
2010-05-25,17.44,18.25,17.29,18.2,1183820
2010-05-26,18.32,18.54,17.85,18.1,825620
2010-05-27,18.48,18.94,18.45,18.61,684090
2010-05-28,18.58,19.26,18.3,18.42,693520
2010-06-01,18.36,19.04,17.87,17.92,976620
2010-06-02,17.95,18.29,17.82,18.28,924910
2010-06-03,18.4,18.85,18.25,18.63,539890
2010-06-04,18.38,18.57,18.03,18.1,662240
2010-06-07,18.19,18.19,17.58,17.58,543100
2010-06-08,17.74,17.91,17.47,17.72,553900
2010-06-09,17.94,18.28,17.69,17.88,588320
2010-06-10,18.09,18.66,17.97,18.66,613430
2010-06-11,18.45,18.91,18.17,18.88,549120
2010-06-14,19.08,19.35,18.86,18.91,361430
2010-06-15,18.99,19.46,18.99,19.36,306650
2010-06-16,19.3,19.6,19.24,19.39,334920
2010-06-17,19.47,19.73,19.21,19.71,712520
2010-06-18,19.73,19.8,19.46,19.76,755630
2010-06-21,19.99,20.15,19.66,19.78,599750
2010-06-22,19.86,20.0,19.41,19.49,607860
2010-06-23,19.53,19.93,19.4,19.69,719430
2010-06-24,19.69,20.04,19.39,19.64,1003030
2010-06-25,19.64,19.74,19.24,19.59,738200
2010-06-28,19.69,19.98,19.55,19.72,410110
2010-06-29,19.44,19.6,19.01,19.15,736660
2010-06-30,19.17,19.65,19.08,19.28,687680
2010-07-01,19.24,19.44,18.93,19.19,870450
2010-07-02,19.26,19.35,18.92,18.94,810250
2010-07-06,19.22,19.45,18.74,19.02,953470
2010-07-07,19.12,19.77,19.12,19.75,576150
2010-07-08,19.95,20.1,19.67,19.99,520850
2010-07-09,20.0,20.24,19.84,20.17,555080
2010-07-12,20.05,20.26,19.86,20.18,415690
2010-07-13,20.33,20.55,20.18,20.45,376260
2010-07-14,20.45,20.74,20.27,20.72,546770
2010-07-15,20.72,20.73,20.38,20.62,263890
2010-07-16,20.48,20.53,19.9,19.95,312390
2010-07-19,20.04,20.22,19.88,20.14,418020
2010-07-20,19.89,20.46,19.8,20.44,399780
2010-07-21,20.51,20.62,20.13,20.23,397530
2010-07-22,20.36,20.87,20.17,20.82,329710
2010-07-23,20.71,21.02,20.56,20.96,487150
2010-07-26,20.97,21.02,20.79,20.97,489420
2010-07-27,20.97,21.02,20.61,21.01,480330
2010-07-28,20.87,21.09,20.71,21.0,866810
2010-07-29,21.03,21.03,19.36,19.73,2779860
2010-07-30,19.54,19.95,19.27,19.78,823090
2010-08-02,20.01,20.45,19.82,20.42,477370
2010-08-03,20.41,20.41,20.02,20.14,535920
2010-08-04,20.25,20.48,20.23,20.42,636350
2010-08-05,20.26,20.41,20.16,20.27,395550
2010-08-06,20.02,20.31,19.87,20.21,387960
2010-08-09,20.37,20.53,20.18,20.51,418870
2010-08-10,20.26,20.35,20.03,20.14,353380
2010-08-11,19.87,19.87,19.49,19.58,449800
2010-08-12,19.24,19.58,19.0,19.49,265630
2010-08-13,19.45,19.85,19.27,19.38,367300
2010-08-16,19.21,19.52,19.16,19.51,374090
2010-08-17,19.65,19.83,19.56,19.66,463610
2010-08-18,19.68,19.73,19.41,19.57,479710
2010-08-19,19.42,19.54,19.03,19.18,492370
2010-08-20,19.04,19.29,18.88,19.07,352390
2010-08-23,19.15,19.22,18.75,18.81,322800
2010-08-24,18.61,18.61,18.21,18.23,470360
2010-08-25,18.04,18.09,17.81,17.99,712140
2010-08-26,18.01,18.2,17.97,18.12,788220
2010-08-27,18.3,18.64,17.97,18.58,687890
2010-08-30,18.38,18.68,18.32,18.43,1096010
2010-08-31,18.47,18.67,18.28,18.6,932010
2010-09-01,18.97,19.56,18.86,19.33,627990
2010-09-02,19.29,19.64,19.23,19.5,451560
2010-09-03,19.78,20.15,19.69,20.06,473360
2010-09-07,20.63,20.65,19.53,19.57,355550
2010-09-08,19.55,19.82,19.33,19.72,362880
2010-09-09,19.93,19.99,19.7,19.83,305280
2010-09-10,19.82,19.82,19.47,19.56,319040
2010-09-13,19.69,20.03,19.57,19.93,375040
2010-09-14,19.93,20.04,19.88,19.88,531340
2010-09-15,19.79,20.15,19.76,19.97,493410
2010-09-16,20.0,20.08,19.69,19.97,217610
2010-09-17,19.96,20.01,19.75,19.82,432410
2010-09-20,19.94,20.59,19.94,20.55,499390
2010-09-21,20.46,20.76,20.4,20.63,297180
2010-09-22,20.63,20.92,20.44,20.8,395220
2010-09-23,20.5,20.7,20.2,20.26,243420
2010-09-24,20.6,20.89,20.6,20.8,262780
2010-09-27,20.9,20.98,20.64,20.74,341430
2010-09-28,20.74,20.89,20.01,20.17,982080
2010-09-29,20.2,20.56,20.13,20.56,487450
2010-09-30,20.74,21.09,20.53,20.8,712170
2010-10-01,21.04,21.04,20.31,20.77,429620
2010-10-04,20.76,20.85,20.31,20.42,204800
2010-10-05,20.66,21.06,20.59,20.95,270800
2010-10-06,21.04,21.04,20.64,20.81,233540
2010-10-07,20.98,20.98,20.73,20.88,175360
2010-10-08,20.93,21.09,20.73,21.01,386970
2010-10-11,20.94,21.3,20.84,21.17,212320
2010-10-12,21.15,21.39,20.94,21.29,237000
2010-10-13,21.45,21.72,21.38,21.6,875460
2010-10-14,21.6,21.8,21.36,21.53,330300
2010-10-15,21.77,21.91,21.53,21.88,372660
2010-10-18,21.94,21.95,21.75,21.88,310260
2010-10-19,21.51,21.9,21.36,21.54,328710
2010-10-20,21.67,22.07,21.51,21.89,537860
2010-10-21,21.97,22.19,21.7,21.81,339800
2010-10-22,21.93,22.05,21.76,21.95,190090
2010-10-25,22.11,22.25,21.83,22.04,341080
2010-10-26,21.9,22.1,21.64,21.96,490750
2010-10-27,21.71,21.98,21.51,21.6,540630
2010-10-28,21.68,22.18,21.68,22.0,557970
2010-10-29,21.96,22.0,21.66,21.75,603070
2010-11-01,21.75,21.83,21.51,21.75,605010
2010-11-02,21.77,22.0,21.65,21.96,635170
2010-11-03,22.07,22.22,21.76,21.98,651210
2010-11-04,22.14,22.46,21.93,22.44,843480
2010-11-05,22.4,22.66,22.35,22.59,352010
2010-11-08,22.53,22.66,22.36,22.43,440050
2010-11-09,22.47,22.6,22.25,22.29,460070
2010-11-10,22.36,22.6,22.08,22.56,431980
2010-11-11,22.41,22.84,22.35,22.81,640540
2010-11-12,22.73,22.93,22.55,22.55,419790
2010-11-15,22.62,22.8,22.29,22.32,414530
2010-11-16,22.16,22.49,21.78,21.95,648120
2010-11-17,22.02,22.24,21.88,22.13,277080
2010-11-18,22.38,22.52,22.21,22.33,498810
2010-11-19,22.32,22.34,21.89,21.94,616110
2010-11-22,21.8,21.95,21.5,21.79,806330
2010-11-23,21.53,21.79,21.35,21.47,643690
2010-11-24,21.7,21.9,21.46,21.77,650560
2010-11-26,21.6,22.0,21.6,21.85,297280
2010-11-29,21.66,21.7,21.01,21.33,774480
2010-11-30,21.1,21.67,20.9,21.58,679600
2010-12-01,21.88,22.11,21.84,21.94,747840
2010-12-02,22.01,22.21,21.95,21.97,638080
2010-12-03,21.98,22.12,21.97,22.04,532490
2010-12-06,22.05,22.52,21.96,22.52,542950
2010-12-07,22.61,22.73,22.23,22.37,732300
2010-12-08,22.45,22.59,22.35,22.48,418030
2010-12-09,22.61,22.67,22.39,22.45,649040
2010-12-10,22.55,22.79,22.42,22.78,407510
2010-12-13,22.83,23.04,22.74,22.8,349950
2010-12-14,22.95,23.24,22.69,23.04,447160
2010-12-15,23.08,23.24,22.81,22.85,363840
2010-12-16,22.96,23.19,22.66,23.04,261450
2010-12-17,23.11,23.11,22.83,22.89,526080
2010-12-20,22.95,23.0,22.67,22.72,529120
2010-12-21,22.76,22.95,22.68,22.82,584030
2010-12-22,22.79,22.98,22.66,22.85,291560
2010-12-23,22.85,22.96,22.54,22.61,318790
2010-12-27,22.57,22.8,22.34,22.8,435470
2010-12-28,22.89,22.97,22.53,22.97,340700
2010-12-29,22.98,23.2,22.83,23.09,320470
2010-12-30,23.16,23.26,23.1,23.18,290770
2010-12-31,23.1,23.13,22.73,22.73,235990
2011-01-03,22.99,23.3,22.78,23.13,329810
2011-01-04,23.28,23.32,22.86,23.18,494170
2011-01-05,23.07,23.68,22.89,23.26,588100
2011-01-06,23.29,23.47,22.86,22.97,389420
2011-01-07,23.07,23.09,22.69,22.99,382370
2011-01-10,22.99,23.75,22.85,23.68,748470
2011-01-11,23.82,24.12,23.74,23.83,429700
2011-01-12,24.1,24.19,23.78,23.83,231010
2011-01-13,23.79,24.09,23.68,23.74,407570
2011-01-14,23.75,23.78,23.29,23.31,405550
2011-01-18,23.36,23.56,23.22,23.56,552640
2011-01-19,23.63,23.75,23.26,23.37,692920
2011-01-20,23.2,23.51,23.12,23.26,503770
2011-01-21,23.45,23.58,23.06,23.39,485640
2011-01-24,23.63,24.18,23.33,24.06,585150
2011-01-25,24.05,24.32,23.89,24.32,539930
2011-01-26,24.48,24.78,24.29,24.3,534430
2011-01-27,24.29,24.29,23.95,24.19,403250
2011-01-28,24.15,24.3,23.51,23.69,567600
2011-01-31,23.73,24.19,23.65,24.16,490110
2011-02-01,24.23,24.83,24.01,24.7,472430
2011-02-02,24.68,24.68,24.05,24.4,722710
2011-02-03,24.24,24.49,23.77,24.14,431480
2011-02-04,24.18,24.57,24.06,24.43,331910
2011-02-07,24.52,24.96,24.33,24.79,334200
2011-02-08,24.75,25.06,24.63,25.04,454380
2011-02-09,24.85,25.33,24.63,25.22,509350
2011-02-10,25.08,25.42,25.0,25.38,512010
2011-02-11,25.34,25.86,25.32,25.73,435460
2011-02-14,25.8,25.82,25.58,25.72,264590
2011-02-15,25.61,25.67,25.44,25.58,321780
2011-02-16,24.43,25.77,24.43,25.64,351670
2011-02-17,25.68,26.3,25.49,26.05,538880
2011-02-18,26.01,26.05,25.83,26.03,535510
2011-02-22,25.81,26.17,25.47,25.69,657150
2011-02-23,25.87,25.94,24.76,24.95,933080
2011-02-24,25.33,25.72,23.62,23.8,1197480
2011-02-25,23.95,24.52,23.48,23.6,1446710
2011-02-28,23.61,24.4,23.61,23.76,1142000
2011-03-01,23.86,24.38,23.45,23.5,910840
2011-03-02,23.5,23.78,23.37,23.58,696370
2011-03-03,23.89,24.14,23.79,23.93,531370
2011-03-04,24.01,24.1,23.64,23.8,952170
2011-03-07,23.9,24.05,23.39,23.85,1040110
2011-03-08,23.92,24.2,23.74,23.93,777230
2011-03-09,23.94,23.97,23.62,23.8,507260
2011-03-10,23.47,23.7,23.23,23.4,611780
2011-03-11,23.37,23.37,23.07,23.17,539940
2011-03-14,23.06,23.21,22.78,23.04,537280
2011-03-15,22.46,22.94,22.0,22.79,738550
2011-03-16,22.58,22.93,22.39,22.42,918040
2011-03-17,22.61,22.96,22.4,22.67,654220
2011-03-18,22.84,22.99,22.57,22.68,734510
2011-03-21,22.85,23.96,22.85,23.83,690010
2011-03-22,23.9,23.91,23.22,23.25,406800
2011-03-23,23.24,23.49,22.87,23.03,610020
2011-03-24,23.11,23.22,22.94,23.15,579250
2011-03-25,23.26,23.87,23.07,23.49,684830
2011-03-28,23.58,23.58,22.99,23.01,523660
2011-03-29,22.98,23.59,22.95,23.48,707030
2011-03-30,23.56,23.93,23.48,23.82,403070
2011-03-31,23.75,24.16,23.7,24.1,554810
2011-04-01,24.16,24.47,23.99,24.18,733240
2011-04-04,24.34,24.41,24.1,24.34,851640
2011-04-05,24.34,24.56,24.21,24.23,580530
2011-04-06,24.4,24.4,23.84,23.96,444060
2011-04-07,23.87,24.09,23.5,23.73,416980
2011-04-08,23.84,23.84,23.25,23.48,367060
2011-04-11,23.6,23.77,23.41,23.77,855350
2011-04-12,23.6,23.93,23.44,23.88,907450
2011-04-13,24.01,24.12,23.62,23.67,439420
2011-04-14,23.6,23.68,23.3,23.47,270250
2011-04-15,23.5,23.66,23.32,23.49,293000
2011-04-18,23.28,23.39,22.73,23.3,567130
2011-04-19,23.3,23.52,22.9,23.04,727950
2011-04-20,23.42,23.69,23.22,23.69,691330
2011-04-21,23.83,24.06,23.71,23.99,440610
2011-04-25,23.91,24.0,23.44,23.7,726200
2011-04-26,23.9,24.16,23.8,23.9,657900
2011-04-27,24.02,24.24,23.8,24.24,371320
2011-04-28,24.52,25.56,24.46,25.2,1420590
2011-04-29,25.46,26.03,25.03,25.22,867580
2011-05-02,25.28,25.74,25.07,25.33,530930
2011-05-03,25.19,25.64,25.19,25.3,408830
2011-05-04,25.28,25.55,25.0,25.09,411850
2011-05-05,24.94,25.26,24.84,24.89,359610
2011-05-06,25.19,26.05,24.75,24.99,364420
2011-05-09,25.12,25.29,24.96,25.2,392120
2011-05-10,25.18,26.15,25.1,26.15,898390
2011-05-11,26.14,26.25,25.84,26.19,984380
2011-05-12,26.24,26.87,26.0,26.65,752760
2011-05-13,26.65,26.76,26.46,26.59,651800
2011-05-16,26.72,26.73,26.12,26.15,541850
2011-05-17,26.23,26.41,25.77,26.35,540750
2011-05-18,26.49,26.67,26.24,26.58,475040
2011-05-19,26.91,26.91,26.27,26.44,562880
2011-05-20,26.48,26.51,25.89,26.25,690410
2011-05-23,26.13,26.13,25.57,25.84,513260
2011-05-24,26.06,26.06,25.36,25.62,514290
2011-05-25,25.66,26.03,25.33,25.88,603920
2011-05-26,25.85,26.29,25.61,26.21,403130
2011-05-27,26.19,26.62,26.19,26.3,271960
2011-05-31,26.77,27.27,26.4,26.59,782900
2011-06-01,26.59,26.7,25.67,25.71,481370
2011-06-02,25.79,25.85,25.48,25.6,399840
2011-06-03,25.37,25.59,25.07,25.07,419040
2011-06-06,24.99,25.11,24.67,24.68,412850
2011-06-07,24.82,25.31,24.54,25.15,542200
2011-06-08,25.03,25.03,24.54,24.61,406250
2011-06-09,24.72,24.97,24.56,24.75,375320
2011-06-10,24.69,24.86,24.32,24.47,475650
2011-06-13,24.36,24.7,24.23,24.5,471610
2011-06-14,24.78,25.37,24.65,25.26,425150
2011-06-15,24.98,25.36,24.98,25.16,462940
2011-06-16,25.13,25.37,24.93,25.32,663760
2011-06-17,25.51,25.65,25.17,25.25,601460
2011-06-20,25.16,25.48,25.12,25.31,334530
2011-06-21,25.47,25.67,25.35,25.6,551230
2011-06-22,25.62,25.74,25.4,25.51,362010
2011-06-23,25.19,25.52,24.75,25.46,453920
2011-06-24,25.41,25.57,25.12,25.41,695330
2011-06-27,25.44,25.71,25.03,25.6,527770
2011-06-28,25.61,26.11,25.59,26.07,498360
2011-06-29,26.03,26.42,25.78,26.23,425000
2011-06-30,26.32,26.32,25.82,26.09,505470
2011-07-01,26.17,26.79,25.98,26.74,431220
2011-07-05,26.81,26.99,26.54,26.91,504010
2011-07-06,26.93,27.33,26.73,27.26,708370
2011-07-07,27.45,27.75,27.44,27.66,460310
2011-07-08,27.33,27.41,27.09,27.41,500540
2011-07-11,27.09,27.18,26.67,26.79,312340
2011-07-12,26.67,26.92,26.6,26.73,317810
2011-07-13,26.94,27.05,26.5,26.53,316230
2011-07-14,26.59,26.74,25.86,25.91,514220
2011-07-15,26.09,26.09,25.53,25.95,344990
2011-07-18,25.8,25.99,25.39,25.59,281240
2011-07-19,25.8,26.27,25.62,26.26,227930
2011-07-20,26.34,26.45,25.98,26.3,369050
2011-07-21,26.43,26.65,26.17,26.5,279230
2011-07-22,26.47,26.72,26.35,26.65,206100
2011-07-25,26.35,27.19,26.27,27.07,655760
2011-07-26,27.02,27.08,26.62,26.67,580430
2011-07-27,26.44,26.65,25.45,25.59,769460
2011-07-28,25.57,26.17,24.76,24.82,803670
2011-07-29,24.55,24.82,24.2,24.58,631520
2011-08-01,24.88,24.96,24.1,24.52,562900
2011-08-02,24.27,24.42,23.69,23.74,986450
2011-08-03,23.72,24.06,23.24,23.93,618470
2011-08-04,23.63,23.72,22.41,22.47,810030
2011-08-05,22.83,23.25,22.07,22.92,1437170
2011-08-08,22.37,22.37,20.78,20.79,1790540
2011-08-09,21.2,23.24,20.36,23.24,1416820
2011-08-10,22.58,23.06,22.09,22.24,1258290
2011-08-11,22.27,23.54,22.09,23.24,594460
2011-08-12,23.44,24.54,23.43,24.47,970820
2011-08-15,24.28,24.84,24.08,24.32,965410
2011-08-16,24.09,24.13,23.21,23.5,964990
2011-08-17,23.59,23.94,23.34,23.56,526770
2011-08-18,22.85,22.89,22.26,22.49,875370
2011-08-19,22.13,23.09,22.06,22.21,529160
2011-08-22,22.78,23.22,22.37,22.51,539840
2011-08-23,22.55,23.44,22.24,23.41,357380
2011-08-24,23.32,23.86,23.05,23.85,528390
2011-08-25,24.0,24.0,23.53,23.64,605250
2011-08-26,23.4,24.42,23.12,24.32,469940
2011-08-29,24.7,25.01,24.67,24.95,450620
2011-08-30,24.84,25.42,24.77,25.21,293600
2011-08-31,25.38,25.9,25.2,25.6,624940
2011-09-01,25.65,26.1,25.09,25.31,814590
2011-09-02,24.84,25.17,24.32,24.52,401470
2011-09-06,23.77,24.78,23.51,24.68,505670
2011-09-07,25.13,25.5,24.87,25.48,341100
2011-09-08,25.23,25.61,24.96,25.16,344120
2011-09-09,24.97,25.33,24.45,24.8,518210
2011-09-12,24.47,25.15,24.25,25.14,564350
2011-09-13,25.28,25.66,25.0,25.38,509010
2011-09-14,25.62,26.86,25.34,26.48,944650
2011-09-15,26.39,27.06,26.3,26.95,654250
2011-09-16,26.9,27.0,26.31,26.39,820060
2011-09-19,25.95,26.42,25.72,26.06,713490
2011-09-20,26.3,26.3,25.49,25.51,747020
2011-09-21,25.48,25.7,24.43,24.45,526240
2011-09-22,23.68,24.24,23.09,23.52,525750
2011-09-23,23.34,24.16,23.34,24.11,500880
2011-09-26,24.2,24.46,23.65,24.39,384380
2011-09-27,25.01,25.73,24.81,24.94,621870
2011-09-28,24.93,25.29,24.31,24.36,503630
2011-09-29,24.84,25.15,24.31,25.02,538370
2011-09-30,24.59,25.2,24.15,24.17,660920
2011-10-03,24.05,24.34,22.54,22.83,837510
2011-10-04,22.64,24.24,22.25,24.18,1192910
2011-10-05,24.36,26.18,24.18,25.98,1058870
2011-10-06,26.21,27.3,25.7,27.01,1219000
2011-10-07,27.18,28.14,26.58,26.79,1937630
2011-10-10,27.24,27.87,26.85,27.85,942870
2011-10-11,27.66,28.24,27.47,28.05,746960
2011-10-12,28.21,28.6,28.1,28.39,826120
2011-10-13,28.3,28.49,27.9,28.34,340870
2011-10-14,28.72,28.72,27.88,28.19,575640
2011-10-17,28.44,28.56,27.44,27.52,726750
2011-10-18,27.59,28.56,27.46,28.4,790520
2011-10-19,28.41,28.42,27.7,27.96,660090
2011-10-20,27.92,27.95,26.74,27.57,796680
2011-10-21,27.97,28.31,27.25,28.31,700150
2011-10-24,28.26,29.26,28.16,28.9,680700
2011-10-25,28.73,28.76,28.19,28.47,555900
2011-10-26,28.9,28.97,27.87,28.07,835890
2011-10-27,29.25,30.19,28.95,29.89,1376040
2011-10-28,30.07,30.24,29.29,29.59,504500
2011-10-31,29.25,29.81,28.91,29.18,650040
2011-11-01,28.02,28.52,27.46,27.84,803470
2011-11-02,28.35,28.83,28.09,28.71,655580
2011-11-03,29.06,29.31,28.29,29.16,520540
2011-11-04,28.9,29.14,28.45,29.05,507540
2011-11-07,29.03,29.22,28.0,28.4,539590
2011-11-08,28.6,29.38,28.39,29.28,567510
2011-11-09,28.5,28.95,28.13,28.34,747980
2011-11-10,28.72,28.88,28.26,28.69,464560
2011-11-11,28.97,29.91,28.77,29.57,775720
2011-11-14,29.64,30.02,29.25,29.49,426730
2011-11-15,29.31,30.0,29.26,29.86,863800
2011-11-16,29.57,29.93,29.33,29.38,347200
2011-11-17,29.3,29.56,28.66,28.87,419320
2011-11-18,28.99,29.05,28.36,28.64,672160
2011-11-21,28.08,28.54,27.95,28.27,509400
2011-11-22,28.21,28.52,27.81,28.26,353110
2011-11-23,27.84,27.98,27.62,27.72,389250
2011-11-25,27.49,27.88,27.34,27.56,238560
2011-11-28,28.38,28.83,28.07,28.6,562440
2011-11-29,28.74,29.34,28.66,29.15,628040
2011-11-30,30.0,30.98,29.77,30.53,1047260
2011-12-01,30.29,31.25,29.83,29.84,1125500
2011-12-02,30.28,30.29,29.67,29.93,458840
2011-12-05,30.41,30.6,29.94,30.23,1485340
2011-12-06,30.32,30.43,29.89,29.99,650880
2011-12-07,29.79,30.17,29.4,30.12,644080
2011-12-08,29.77,29.97,29.54,29.59,536320
2011-12-09,29.6,30.12,29.52,29.96,474350
2011-12-12,29.64,30.05,29.35,30.05,622820
2011-12-13,30.23,30.5,28.98,29.16,604260
2011-12-14,28.84,28.88,28.17,28.18,1009030
2011-12-15,28.54,29.17,28.18,29.01,783790
2011-12-16,29.18,29.75,29.1,29.56,1028190
2011-12-19,29.74,30.27,29.17,29.21,648090
2011-12-20,29.7,30.29,29.7,29.96,575080
2011-12-21,29.93,30.09,29.75,30.07,531580
2011-12-22,30.24,30.34,29.52,29.95,658710
2011-12-23,29.97,30.29,29.67,30.24,384570
2011-12-27,30.15,30.66,29.9,30.39,417010
2011-12-28,30.38,30.44,29.69,29.85,520940
2011-12-29,29.99,30.34,29.82,30.25,504400
2011-12-30,30.29,30.3,29.92,30.08,429810
2012-01-03,30.7,31.01,30.17,30.83,1115070
2012-01-04,30.67,31.16,30.4,30.96,1133920
2012-01-05,30.74,31.73,30.56,31.6,839750
2012-01-06,31.67,31.69,31.2,31.24,938630
2012-01-09,31.37,31.47,31.24,31.37,502860
2012-01-10,31.64,32.43,31.58,32.08,721110
2012-01-11,32.02,32.19,31.5,31.99,803420
2012-01-12,32.1,32.23,31.75,32.01,648220
2012-01-13,31.73,31.89,31.33,31.74,339960
2012-01-17,32.12,32.17,31.63,31.7,346440
2012-01-18,31.77,32.14,31.5,32.12,1065190
2012-01-19,32.31,33.14,32.29,32.57,653170
2012-01-20,32.72,32.77,32.36,32.59,521060
2012-01-23,32.68,32.68,32.01,32.58,587910
2012-01-24,32.34,32.75,32.1,32.74,265430
2012-01-25,32.67,32.76,32.3,32.59,528240
2012-01-26,32.76,32.9,32.36,32.5,253680
2012-01-27,32.5,32.7,32.4,32.68,278010
2012-01-30,32.52,32.73,31.88,32.63,355710
2012-01-31,32.85,32.9,32.29,32.6,256690
2012-02-01,32.87,33.49,32.58,33.47,518090
2012-02-02,33.37,33.55,32.61,32.67,598200
2012-02-03,32.97,32.99,32.36,32.41,792170
2012-02-06,32.56,32.94,32.45,32.79,379360
2012-02-07,32.78,32.97,32.4,32.52,390940
2012-02-08,32.66,32.8,31.83,32.14,446150
2012-02-09,32.23,32.42,31.78,32.36,536800
2012-02-10,32.13,32.27,31.8,31.84,497290
2012-02-13,32.23,32.23,31.59,31.68,846990
2012-02-14,31.4,32.0,31.21,31.81,937730
2012-02-15,32.09,32.31,31.79,31.79,558310
2012-02-16,31.93,32.97,31.86,32.68,591080
2012-02-17,32.75,32.86,32.24,32.29,419350
2012-02-21,32.34,32.95,32.12,32.42,532160
2012-02-22,32.29,32.47,31.88,32.23,565290
2012-02-23,31.99,33.39,31.81,32.6,1116980
2012-02-24,32.7,32.7,31.55,32.37,825740
2012-02-27,32.08,32.09,31.14,31.7,853440
2012-02-28,31.59,32.35,31.57,32.31,743090
2012-02-29,32.39,32.39,31.65,31.86,419560
2012-03-01,31.59,32.56,31.59,32.43,465340
2012-03-02,32.44,32.45,31.87,32.31,604420
2012-03-05,32.19,32.19,31.34,31.43,435960
2012-03-06,31.28,31.29,30.28,30.74,862740
2012-03-07,30.76,31.38,30.73,31.01,438160
2012-03-08,31.2,31.47,30.98,31.28,523870
2012-03-09,31.26,31.78,31.04,31.5,526960
2012-03-12,31.57,31.71,31.13,31.19,439920
2012-03-13,31.25,31.83,31.01,31.82,955650
2012-03-14,31.75,31.9,31.18,31.36,390010
2012-03-15,31.47,31.75,31.2,31.3,301060
2012-03-16,31.26,31.67,31.08,31.17,542400
2012-03-19,31.27,31.81,31.15,31.67,436890
2012-03-20,31.53,31.71,31.21,31.68,557800
2012-03-21,31.67,31.71,31.25,31.41,966770
2012-03-22,31.26,31.39,30.99,31.15,662920
2012-03-23,31.28,31.79,31.16,31.35,718750
2012-03-26,31.63,31.92,31.39,31.6,661610
2012-03-27,31.6,31.86,31.44,31.8,374870
2012-03-28,31.86,31.86,31.35,31.75,383790
2012-03-29,31.55,31.6,31.16,31.49,411280
2012-03-30,31.66,31.66,30.94,31.17,510410
2012-04-02,31.06,31.89,30.99,31.41,1026750
2012-04-03,31.37,31.76,31.3,31.67,548010
2012-04-04,31.3,31.31,30.5,30.91,789090
2012-04-05,30.87,31.08,30.64,30.84,511910
2012-04-09,30.25,30.56,30.1,30.37,582810
2012-04-10,30.38,30.45,29.25,29.41,873570
2012-04-11,29.65,29.98,29.48,29.73,525560
2012-04-12,29.79,30.24,29.69,30.1,578580
2012-04-13,30.14,30.14,29.73,29.97,485580
2012-04-16,30.14,30.24,29.86,30.05,671870
2012-04-17,30.24,30.36,29.98,30.21,817710
2012-04-18,30.08,30.21,29.96,30.04,741180
2012-04-19,30.09,30.27,29.88,30.03,911420
2012-04-20,30.18,30.72,30.14,30.4,747190
2012-04-23,29.93,30.18,29.72,29.95,582190
2012-04-24,29.85,29.99,29.54,29.63,690460
2012-04-25,29.84,30.61,29.29,30.47,1302050
2012-04-26,30.55,33.53,30.4,33.48,2217650
2012-04-27,33.39,34.39,32.22,33.94,1258650
2012-04-30,34.0,34.0,33.21,33.45,506450
2012-05-01,33.43,34.26,33.43,34.12,1253760
2012-05-02,33.94,34.16,33.38,34.08,837010
2012-05-03,34.39,34.73,34.22,34.53,704960
2012-05-04,34.36,34.4,33.95,34.06,692570
2012-05-07,33.86,34.75,33.77,34.75,820720
2012-05-08,34.4,35.0,34.07,34.98,1193320
2012-05-09,34.81,34.86,34.41,34.82,1151220
2012-05-10,35.13,35.28,34.75,35.13,474420
2012-05-11,34.9,36.08,34.77,35.54,686360
2012-05-14,35.28,35.6,34.92,35.33,682830
2012-05-15,35.27,35.66,35.09,35.5,995760
2012-05-16,35.76,36.34,35.45,36.15,1188140
2012-05-17,36.32,36.34,34.79,34.82,1171100
2012-05-18,34.89,35.0,33.94,34.06,875220
2012-05-21,34.3,35.36,34.07,35.17,758350
2012-05-22,35.4,36.0,34.86,35.01,320230
2012-05-23,34.58,35.24,34.32,35.09,577070
2012-05-24,35.22,35.88,34.96,35.69,892490
2012-05-25,35.6,35.94,35.3,35.53,571570
2012-05-29,36.06,36.33,35.77,36.28,639130
2012-05-30,36.08,36.13,35.61,35.98,339130
2012-05-31,36.34,36.62,35.77,36.44,567050
2012-06-01,35.78,35.89,34.47,34.59,811280
2012-06-04,34.74,36.25,34.26,34.4,939630
2012-06-05,34.43,34.79,34.2,34.62,497270
2012-06-06,35.02,35.73,34.97,35.71,464800
2012-06-07,36.0,36.37,35.86,36.06,561100
2012-06-08,35.81,36.33,35.58,36.23,549040
2012-06-11,36.51,36.68,35.44,35.48,795870
2012-06-12,35.71,35.84,35.16,35.47,637080
2012-06-13,35.41,35.93,34.95,35.49,482590
2012-06-14,35.82,35.99,35.0,35.27,381470
2012-06-15,35.25,35.53,35.0,35.25,788350
2012-06-18,35.22,36.64,35.17,36.6,832300
2012-06-19,36.88,37.34,36.76,37.0,669730
2012-06-20,36.94,37.0,36.41,36.75,364910
2012-06-21,36.81,36.89,35.3,35.61,662090
2012-06-22,35.55,36.19,35.27,35.41,590720
2012-06-25,34.91,35.62,34.24,34.54,705610
2012-06-26,34.76,35.28,34.69,35.0,975560
2012-06-27,35.01,35.6,33.77,33.96,1975240
2012-06-28,32.65,32.77,31.43,32.0,2535200
2012-06-29,32.46,33.49,32.28,33.42,1272350
2012-07-02,33.42,33.8,33.03,33.75,967720
2012-07-03,33.88,34.54,33.64,34.39,406690
2012-07-05,34.6,34.86,33.87,34.28,651140
2012-07-06,34.2,34.57,33.69,33.98,551310
2012-07-09,33.97,34.15,33.46,33.95,454470
2012-07-10,34.48,34.48,33.39,34.15,469400
2012-07-11,34.2,34.31,33.87,34.06,723510
2012-07-12,33.78,33.79,33.2,33.42,691290
2012-07-13,33.56,34.39,33.17,34.11,572420
2012-07-16,34.18,34.3,33.57,33.93,370980
2012-07-17,34.17,34.83,33.95,34.57,466030
2012-07-18,34.49,35.11,34.29,34.91,714560
2012-07-19,35.0,35.52,34.92,35.23,474080
2012-07-20,34.84,35.4,34.74,34.82,378670
2012-07-23,34.12,34.88,33.67,34.18,303560
2012-07-24,34.14,34.65,33.08,33.62,468970
2012-07-25,33.6,34.04,33.11,33.83,530550
2012-07-26,36.99,36.99,34.15,35.53,1407090
2012-07-27,35.61,36.06,35.16,35.82,885070
2012-07-30,35.98,36.35,35.47,35.78,451060
2012-07-31,35.25,35.86,35.21,35.33,654350
2012-08-01,35.58,36.14,35.05,35.22,510330
2012-08-02,34.77,35.47,34.37,35.02,464750
2012-08-03,35.84,36.08,34.47,35.76,319640
2012-08-06,36.08,36.43,35.84,36.31,399790
2012-08-07,36.55,37.0,35.74,36.93,444630
2012-08-08,36.71,37.48,36.59,37.41,802900
2012-08-09,37.24,38.31,37.17,37.73,1118510
2012-08-10,37.52,38.42,37.41,38.32,892150
2012-08-13,38.33,38.6,37.67,38.58,677650
2012-08-14,38.63,38.76,38.26,38.63,737540
2012-08-15,37.54,38.16,36.96,37.76,981640
2012-08-16,38.0,38.54,37.24,38.2,506920
2012-08-17,38.32,38.77,38.11,38.74,643120
2012-08-20,38.98,39.0,38.58,38.91,718800
2012-08-21,39.01,39.19,38.71,38.88,898610
2012-08-22,38.85,39.15,38.67,38.82,702840
2012-08-23,38.68,39.2,38.53,38.97,871120
2012-08-24,39.02,39.19,38.17,38.31,452450
2012-08-27,38.57,38.6,37.92,38.01,380340
2012-08-28,37.91,38.56,37.69,38.47,315800
2012-08-29,38.43,38.77,37.85,38.72,357670
2012-08-30,38.56,38.67,37.66,37.81,282690
2012-08-31,38.06,38.44,37.19,37.74,466470
2012-09-04,37.72,38.54,37.36,38.4,502100
2012-09-05,38.5,38.78,38.02,38.28,458140
2012-09-06,38.75,39.25,38.0,38.97,448320
2012-09-07,39.13,39.94,38.98,39.76,532040
2012-09-10,39.65,40.03,38.94,39.0,501770
2012-09-11,39.0,39.01,38.51,38.94,480820
2012-09-12,38.95,39.5,38.94,39.36,572300
2012-09-13,39.36,39.36,38.5,38.93,724620
2012-09-14,39.0,39.66,38.85,39.1,565440
2012-09-17,38.94,39.06,38.39,38.47,547150
2012-09-18,38.35,38.47,37.22,37.63,1376460
2012-09-19,18.96,19.01,18.49,18.74,1604660
2012-09-20,18.66,18.98,18.6,18.9,1027790
2012-09-21,18.99,19.24,18.83,18.87,2107120
2012-09-24,17.16,19.08,17.16,19.0,1184520
2012-09-25,18.98,19.46,17.54,19.21,2172850
2012-09-26,19.2,19.25,18.5,18.77,1616080
2012-09-27,18.82,19.0,18.75,18.84,686300
2012-09-28,18.75,18.81,18.45,18.5,1235870
2012-10-01,18.55,18.69,18.37,18.54,2275570
2012-10-02,18.59,18.68,18.45,18.6,1283890
2012-10-03,18.75,19.06,18.63,19.01,1683540
2012-10-04,19.06,19.35,19.06,19.28,950445
2012-10-05,19.35,19.46,19.21,19.39,854637
2012-10-08,19.33,19.48,19.23,19.4,965125
2012-10-09,19.4,19.44,19.22,19.27,1357509
2012-10-10,19.24,19.37,19.17,19.26,1028331
2012-10-11,19.33,19.83,19.3,19.7,1453540
2012-10-12,19.58,19.76,19.56,19.61,1108181
2012-10-15,19.59,20.16,19.59,20.13,1604512
2012-10-16,20.19,20.6,20.15,20.55,1378282
2012-10-17,20.57,21.05,20.43,20.89,2397651
2012-10-18,20.9,21.22,20.55,20.8,1610123
2012-10-19,20.69,20.9,20.42,20.44,1643606
2012-10-22,20.37,20.74,20.14,20.48,1376521
2012-10-23,20.32,20.72,20.08,20.29,1305956
2012-10-24,20.31,20.51,20.09,20.12,1555780
2012-10-25,19.59,20.61,19.5,20.06,6263007
2012-10-26,20.1,20.87,19.98,20.76,2375281
2012-10-31,20.72,21.0,20.36,20.87,1593369
2012-11-01,20.87,21.91,20.81,21.71,2522744
2012-11-02,21.78,21.95,20.97,21.03,1421854
2012-11-05,21.11,21.35,21.07,21.26,1239983
2012-11-06,21.45,21.85,21.28,21.83,1394493
2012-11-07,21.6,21.69,21.25,21.46,1346834
2012-11-08,21.39,21.64,21.19,21.37,1257086
2012-11-09,21.24,21.59,21.09,21.19,1279215
2012-11-12,21.36,21.75,21.03,21.05,1393788
2012-11-13,20.95,21.44,20.75,20.88,1421509
2012-11-14,21.07,21.21,20.25,20.37,1366342
2012-11-15,20.42,20.72,20.25,20.64,2048294
2012-11-16,20.75,20.93,20.35,20.85,1696966
2012-11-19,21.07,21.4,20.98,21.26,1381746
2012-11-20,21.19,21.56,21.0,21.47,1714888
2012-11-21,21.5,21.74,21.09,21.72,1638006
2012-11-23,21.84,22.09,21.57,22.01,550247
2012-11-26,21.96,22.29,21.51,21.63,4390030
2012-11-27,21.8,22.14,21.44,21.48,7582427
2012-11-28,21.45,21.86,21.07,21.78,2323294
2012-11-29,21.88,21.95,21.18,21.66,2533340
2012-11-30,21.76,22.0,21.34,21.97,3812695
2012-12-03,22.12,22.24,21.65,21.77,1583493
2012-12-04,21.74,21.86,21.39,21.56,1305020
2012-12-05,21.73,21.91,21.45,21.8,1297553
2012-12-06,21.7,21.85,21.35,21.46,1256370
2012-12-07,21.26,21.62,21.03,21.52,1475956
2012-12-10,21.71,21.9,21.42,21.54,1241248
2012-12-11,21.56,21.76,21.32,21.52,1378825
2012-12-12,21.77,21.77,21.0,21.25,1463551
2012-12-13,21.31,21.44,20.79,20.92,1533445
2012-12-14,20.88,20.93,20.54,20.7,1742585
2012-12-17,20.75,20.95,20.65,20.74,1943973
2012-12-18,20.82,21.03,20.64,20.94,1964611
2012-12-19,21.02,21.12,20.6,20.8,1709162
2012-12-20,20.88,21.4,20.84,21.38,1265810
2012-12-21,21.11,21.62,20.79,21.31,4480461
2012-12-24,21.31,21.52,20.9,21.47,436248
2012-12-26,21.42,21.52,20.99,21.03,948726
2012-12-27,20.97,21.23,20.77,21.02,1555394
2012-12-28,20.87,21.06,20.63,20.72,1065612
2012-12-31,20.67,21.15,20.62,21.12,1331032
2013-01-02,21.54,22.27,21.5,22.27,2384500
2013-01-03,22.16,22.52,21.87,22.32,1379689
2013-01-04,22.28,22.39,21.94,22.28,1342868
2013-01-07,22.32,22.86,22.08,22.54,1783514
2013-01-08,22.64,22.8,22.43,22.79,1470165
2013-01-09,22.66,23.41,22.66,23.37,1991786
2013-01-10,23.43,23.51,22.76,22.9,2017243
2013-01-11,22.8,23.04,22.48,22.64,1066627
2013-01-14,22.44,22.72,22.18,22.35,1087566
2013-01-15,22.41,22.6,21.81,22.5,1054185
2013-01-16,22.71,22.71,22.24,22.52,386462
2013-01-17,22.72,22.78,22.5,22.73,709462
2013-01-18,22.67,22.71,22.52,22.62,576017
2013-01-22,22.54,22.78,22.32,22.57,1270408
2013-01-23,22.44,22.81,22.32,22.68,733945
2013-01-24,22.64,23.08,22.41,23.01,962377
2013-01-25,23.2,23.43,22.84,23.38,1232712
2013-01-28,23.47,23.51,23.2,23.39,1171396
2013-01-29,23.34,23.46,23.21,23.26,922089
2013-01-30,23.26,23.5,22.5,22.57,1581956
2013-01-31,22.27,22.5,21.88,22.39,1446466
2013-02-01,22.57,23.19,22.23,23.08,1092675
2013-02-04,22.85,22.95,22.47,22.64,943154
2013-02-05,22.72,23.32,22.71,23.23,1001045
2013-02-06,23.07,23.2,22.94,23.04,972037
2013-02-07,23.13,23.28,22.79,23.2,1400847
2013-02-08,23.24,23.74,23.24,23.74,771945
2013-02-11,23.75,23.99,23.18,23.3,670793
2013-02-12,23.35,23.52,23.1,23.2,1102785
2013-02-13,23.33,23.33,23.07,23.25,1528822
2013-02-14,23.25,23.4,23.04,23.07,1263707
2013-02-15,23.17,23.43,23.15,23.24,1036434
2013-02-19,23.25,23.25,22.34,22.4,2048165
2013-02-20,22.46,22.85,22.44,22.6,2135514
2013-02-21,22.63,22.78,21.88,21.98,1675397
2013-02-22,22.13,22.9,22.13,22.48,1521555
2013-02-25,22.55,22.67,22.36,22.36,1880578
2013-02-26,22.45,22.58,22.27,22.37,1191563
2013-02-27,22.32,23.05,22.14,22.92,1505013
2013-02-28,22.0,22.24,20.72,21.2,6978844
2013-03-01,21.24,21.24,20.42,20.43,4453028
2013-03-04,20.43,20.86,20.25,20.65,3416230
2013-03-05,20.81,20.89,20.44,20.48,3536632
2013-03-06,20.55,20.55,20.09,20.17,4624850
2013-03-07,20.23,20.45,20.16,20.21,2793217
2013-03-08,20.6,21.44,20.23,21.43,4190935
2013-03-11,21.41,21.6,21.14,21.58,2724800
2013-03-12,21.52,21.62,21.32,21.41,2255816
2013-03-13,21.45,21.86,21.25,21.82,1717638
2013-03-14,21.81,21.91,21.51,21.64,1419307
2013-03-15,21.56,21.72,21.04,21.09,3180274
2013-03-18,20.66,21.26,20.35,20.9,1847024
2013-03-19,21.0,21.13,20.65,20.96,1771296
2013-03-20,20.99,21.18,20.85,21.15,1555406
2013-03-21,20.94,21.1,20.79,20.99,1085191
2013-03-22,21.01,21.17,20.65,20.77,1592905
2013-03-25,20.88,21.2,20.8,20.92,1499260
2013-03-26,20.99,21.58,20.99,21.37,2213018
2013-03-27,21.26,21.68,21.07,21.49,1238716
2013-03-28,21.48,21.8,21.4,21.76,1194562
2013-04-01,21.81,21.87,21.35,21.42,1165251
2013-04-02,21.51,21.62,21.29,21.39,645231
2013-04-03,21.44,21.5,21.06,21.1,1518088
2013-04-04,21.07,21.47,21.06,21.26,1095578
2013-04-05,21.02,21.42,20.95,21.33,848580
2013-04-08,21.23,21.54,21.06,21.53,845918
2013-04-09,21.52,21.61,21.22,21.44,723655
2013-04-10,21.41,21.51,21.16,21.24,3327113
2013-04-11,21.34,21.81,21.25,21.72,1758274
2013-04-12,21.59,22.26,21.59,22.04,2003992
2013-04-15,21.97,22.25,21.0,21.1,1405506
2013-04-16,21.21,21.44,21.07,21.43,741984
2013-04-17,21.22,21.28,20.7,20.91,998796
2013-04-18,20.93,21.14,20.44,20.54,1006279
2013-04-19,20.53,20.94,20.28,20.7,1249842
2013-04-22,20.82,21.12,20.28,21.04,1743592
2013-04-23,20.97,21.42,20.97,21.16,1125729
2013-04-24,21.22,21.57,21.16,21.48,1732519
2013-04-25,21.72,23.53,21.54,22.83,4905283
2013-04-26,22.94,23.07,22.48,23.0,1644040
2013-04-29,23.15,23.58,22.83,23.53,1802514
2013-04-30,23.52,24.1,23.28,24.07,1878900
2013-05-01,24.07,24.26,23.79,23.84,1886864
2013-05-02,23.96,24.51,23.77,24.23,1820381
2013-05-03,24.47,24.91,24.47,24.78,1681493
2013-05-06,24.84,24.99,24.56,24.85,1148121
2013-05-07,24.86,25.05,24.59,25.04,1169000
2013-05-08,25.05,25.05,24.65,24.87,1046445
2013-05-09,24.81,24.96,24.49,24.67,968725
2013-05-10,24.72,24.98,24.61,24.66,1102932
2013-05-13,24.6,24.7,24.35,24.57,926909
2013-05-14,24.61,24.92,24.52,24.9,591236
2013-05-15,24.81,25.37,24.8,25.27,1119881
2013-05-16,25.34,25.44,25.01,25.26,988052
2013-05-17,25.34,25.72,25.16,25.69,1120289
2013-05-20,25.62,25.89,25.62,25.67,1162145
2013-05-21,25.62,25.71,25.32,25.38,1065312
2013-05-22,25.37,25.55,24.73,24.91,1013412
2013-05-23,24.72,24.86,24.38,24.8,1111485
2013-05-24,25.21,25.3,24.53,24.79,818428
2013-05-28,25.19,25.28,25.03,25.17,773091
2013-05-29,24.88,25.04,24.53,24.53,687153
2013-05-30,24.66,24.8,24.55,24.73,822601
2013-05-31,24.62,25.03,24.47,24.48,727528
2013-06-03,24.53,24.64,23.93,24.35,909493
2013-06-04,24.31,24.42,23.84,24.0,693722
2013-06-05,23.88,24.11,23.74,23.95,851945
2013-06-06,23.85,24.2,23.68,24.2,705770
2013-06-07,24.37,24.76,24.11,24.66,615884
2013-06-10,25.25,25.25,24.52,24.78,755587
2013-06-11,24.42,24.9,24.31,24.74,692637
2013-06-12,24.92,24.95,24.33,24.58,1206813
2013-06-13,25.21,25.39,24.33,25.03,788665
2013-06-14,24.97,25.36,24.91,25.31,996029
2013-06-17,25.56,26.23,25.38,26.13,1978924
2013-06-18,26.26,26.58,26.1,26.39,1552631
2013-06-19,26.5,26.52,26.03,26.15,1219384
2013-06-20,25.89,26.03,25.15,25.29,1402130
2013-06-21,25.4,25.57,24.99,25.29,1519115
2013-06-24,25.05,25.95,24.79,25.62,1283774
2013-06-25,25.85,25.96,25.35,25.64,1038707
2013-06-26,25.82,26.01,25.59,25.93,900056
2013-06-27,26.17,26.46,25.97,26.2,1092772
2013-06-28,26.05,26.47,25.73,25.75,2022535
2013-07-01,26.39,26.8,25.78,26.45,1487927
2013-07-02,26.45,26.83,25.71,25.98,2949979
2013-07-03,25.9,26.06,25.81,26.0,1031893
2013-07-05,26.36,26.42,25.94,26.16,964594
2013-07-08,26.31,26.44,25.92,26.2,1000308
2013-07-09,26.4,26.64,26.16,26.3,897833
2013-07-10,26.23,26.3,25.8,25.91,1098880
2013-07-11,26.28,26.8,25.81,25.9,1296063
2013-07-12,25.86,26.14,25.86,26.0,963549
2013-07-15,26.09,26.17,25.57,25.9,1357228
2013-07-16,26.02,26.16,25.38,25.62,1654610
2013-07-17,25.76,25.88,25.55,25.62,853799
2013-07-18,25.77,26.06,25.63,25.91,875358
2013-07-19,25.74,26.01,25.65,25.84,709188
2013-07-22,25.8,26.05,25.76,26.0,619207
2013-07-23,25.98,25.99,25.66,25.8,445037
2013-07-24,25.93,26.41,25.91,25.96,838488
2013-07-25,26.02,26.22,25.81,26.16,768224
2013-07-26,26.01,26.25,25.74,26.18,450777
2013-07-29,26.2,26.42,25.99,26.07,877585
2013-07-30,26.24,26.57,26.03,26.39,904109
2013-07-31,26.55,26.68,26.02,26.07,972463
2013-08-01,27.79,30.17,27.38,29.11,4151259
2013-08-02,29.12,30.31,29.11,29.42,2400556
2013-08-05,29.42,29.59,29.1,29.3,1015782
2013-08-06,29.29,29.34,28.85,28.97,988361
2013-08-07,28.94,28.95,28.42,28.83,917545
2013-08-08,28.98,29.84,28.88,29.66,1205396
2013-08-09,29.73,29.93,29.37,29.82,1246437
2013-08-12,29.98,31.07,29.92,30.69,1826414
2013-08-13,30.68,30.74,29.92,30.51,971514
2013-08-14,30.6,30.61,30.26,30.29,368820
2013-08-15,30.12,30.25,29.17,29.28,780025
2013-08-16,29.32,29.7,29.12,29.16,584422
2013-08-19,29.14,29.65,29.14,29.34,466169
2013-08-20,29.36,29.94,29.13,29.73,444774
2013-08-21,29.57,29.94,29.47,29.63,604250
2013-08-22,29.84,30.78,29.69,30.42,565801
2013-08-23,30.48,30.85,30.02,30.2,901381
2013-08-26,30.16,30.4,29.85,30.03,1831401
2013-08-27,29.75,29.87,29.32,29.4,646661
2013-08-28,29.4,29.75,29.33,29.51,869756
2013-08-29,29.42,29.89,29.31,29.64,485585
2013-08-30,29.75,29.82,28.97,29.24,954372
2013-09-03,29.64,30.0,28.64,28.99,1810818
2013-09-04,29.06,29.57,28.74,29.45,1131988
2013-09-05,29.55,29.93,29.42,29.74,945060
2013-09-06,29.89,30.05,29.36,29.7,833347
2013-09-09,29.7,30.61,29.65,30.5,1033418
2013-09-10,30.64,31.35,30.32,31.35,1726383
2013-09-11,31.35,31.44,30.97,31.26,1664285
2013-09-12,31.21,31.51,31.04,31.51,1185715
2013-09-13,31.54,31.6,31.07,31.57,1056802
2013-09-16,31.92,31.97,31.42,31.61,1041549
2013-09-17,31.63,31.97,31.31,31.91,1302656
2013-09-18,31.87,32.06,31.24,31.95,1180294
2013-09-19,32.0,32.29,31.82,32.14,1095844
2013-09-20,32.01,32.1,31.69,31.93,1348172
2013-09-23,31.9,32.0,31.53,31.89,1031906
2013-09-24,31.85,32.02,31.56,31.62,970158
2013-09-25,31.69,31.84,31.07,31.35,1330595
2013-09-26,31.38,31.86,31.31,31.7,966668
2013-09-27,31.54,31.67,31.3,31.56,867829
2013-09-30,31.34,31.96,31.22,31.87,1032050
2013-10-01,32.37,34.07,32.16,33.65,2519639
2013-10-02,32.97,32.97,32.18,32.94,1817950
2013-10-03,32.8,32.95,32.14,32.59,1628942
2013-10-04,32.61,32.84,32.41,32.62,1132047
2013-10-07,32.32,32.54,31.96,31.97,940893
2013-10-08,32.01,32.12,30.98,31.03,1447621
2013-10-09,31.06,31.2,30.61,30.85,1116108
2013-10-10,31.2,32.07,31.2,32.07,1110861
2013-10-11,31.96,32.4,31.81,32.29,947422
2013-10-14,32.12,32.3,31.87,32.24,888984
2013-10-15,32.19,32.22,31.6,31.82,1059435
2013-10-16,32.23,32.34,31.97,32.32,1258729
2013-10-17,32.13,32.13,31.61,31.93,1291970
2013-10-18,32.12,33.23,31.88,33.19,1118897
2013-10-21,33.23,33.25,32.9,33.19,652774
2013-10-22,33.22,33.45,32.92,33.22,775069
2013-10-23,33.11,33.19,32.61,32.92,564690
2013-10-24,32.88,33.13,32.76,32.83,654691
2013-10-25,33.08,33.25,32.71,33.23,713160
2013-10-28,33.18,33.6,33.08,33.36,1029777
2013-10-29,33.48,33.6,32.78,33.21,1299670
2013-10-30,33.35,33.5,32.9,33.01,1143741
2013-10-31,32.76,33.37,31.91,33.02,1717427
2013-11-01,32.9,33.02,31.95,32.35,1298309
2013-11-04,32.57,33.0,32.47,32.58,1410960
2013-11-05,32.47,32.6,32.02,32.02,1207304
2013-11-06,32.29,32.48,31.76,31.89,869654
2013-11-07,32.0,32.0,30.83,30.84,1136592
2013-11-08,30.86,31.41,30.86,31.18,853681
2013-11-11,31.14,31.44,31.05,31.23,431553
2013-11-12,31.25,31.34,30.78,31.09,797715
2013-11-13,30.95,32.06,30.91,32.03,713433
2013-11-14,31.98,32.27,31.81,32.25,599836
2013-11-15,32.23,32.55,32.14,32.5,461532
2013-11-18,32.6,32.97,32.55,32.81,894935
2013-11-19,32.71,32.87,32.38,32.46,653249
2013-11-20,32.42,32.66,32.22,32.32,709383
2013-11-21,32.49,33.27,32.35,33.01,817201
2013-11-22,32.93,33.24,32.66,33.06,785786
2013-11-25,33.1,33.26,32.4,32.45,913403
2013-11-26,32.63,33.19,32.42,33.02,1347497
2013-11-27,33.13,33.27,32.78,33.17,1017197
2013-11-29,33.16,33.46,33.02,33.14,486408
2013-12-02,33.21,33.45,32.87,33.21,1089448
2013-12-03,33.03,33.19,32.56,33.03,810357
2013-12-04,32.88,33.29,32.3,32.5,824775
2013-12-05,32.39,32.51,32.0,32.24,997495
2013-12-06,33.01,33.98,32.66,33.62,1679977
2013-12-09,33.58,33.8,33.26,33.68,1084150
2013-12-10,33.63,34.32,33.33,33.81,1172107
2013-12-11,33.74,33.85,32.83,33.26,1691124
2013-12-12,33.18,33.45,33.0,33.25,1519910
2013-12-13,33.41,33.93,33.41,33.89,1479548
2013-12-16,33.22,33.91,32.05,33.14,4240443
2013-12-17,33.18,33.24,32.56,32.7,1357752
2013-12-18,32.79,33.07,32.09,33.04,1167281
2013-12-19,33.01,33.13,32.34,32.52,1003766
2013-12-20,32.65,33.0,32.14,32.81,1435722
2013-12-23,32.98,33.24,32.71,33.2,628130
2013-12-24,33.25,33.46,33.14,33.37,267352
2013-12-26,33.42,33.51,32.83,32.96,657599
2013-12-27,32.95,33.02,32.45,32.61,810685
2013-12-30,32.86,32.86,32.27,32.46,952197
2013-12-31,32.56,32.99,32.37,32.91,543634
2014-01-02,32.84,32.9,32.29,32.4,670338
2014-01-03,32.48,32.67,32.18,32.27,496093
2014-01-06,32.31,32.44,31.64,31.66,1035462
2014-01-07,31.89,32.12,31.68,32.0,1084596
2014-01-08,32.03,32.37,31.64,32.3,1167544
2014-01-09,32.34,32.44,31.82,32.05,739242
2014-01-10,32.6,32.6,32.02,32.53,835028
2014-01-13,32.4,32.89,32.04,32.25,1121926
2014-01-14,32.32,32.79,32.19,32.3,1258535
2014-01-15,31.5,32.2,26.25,29.46,22538877
2014-01-16,29.81,29.86,28.38,29.29,6855574
2014-01-17,29.3,29.39,27.75,27.94,6467312
2014-01-21,28.05,28.38,25.74,25.94,10517600
2014-01-22,25.72,26.79,25.27,26.71,8384711
2014-01-23,26.6,26.74,26.29,26.56,4308078
2014-01-24,26.4,26.52,26.15,26.16,4061094
2014-01-27,26.13,26.71,25.95,26.24,4709344
2014-01-28,26.37,26.69,26.2,26.62,2172983
2014-01-29,26.27,27.09,26.27,26.53,2875573
2014-01-30,26.74,27.43,26.48,27.33,2499962
2014-01-31,26.94,27.16,26.73,27.07,3522541
2014-02-03,26.58,27.25,26.5,26.63,5483916
2014-02-04,26.6,26.83,26.35,26.47,2513384
2014-02-05,26.35,26.54,25.86,26.18,2746807
2014-02-06,26.37,27.05,26.26,26.97,2316031
2014-02-07,27.21,28.27,27.08,28.08,3149999
2014-02-10,27.99,28.35,27.33,27.35,2010961
2014-02-11,27.3,27.65,27.21,27.48,1273710
2014-02-12,27.45,27.81,27.35,27.63,907951
2014-02-13,27.35,28.57,27.35,28.5,1853074
2014-02-14,28.41,28.91,27.99,28.85,1951008
2014-02-18,28.94,29.37,28.61,28.93,2418783
2014-02-19,28.87,29.29,28.75,28.98,1790058
2014-02-20,28.91,29.14,28.75,29.09,1472764
2014-02-21,29.22,29.68,29.0,29.52,1515388
2014-02-24,29.64,29.69,29.35,29.5,1721995
2014-02-25,29.5,29.58,29.04,29.06,1584252
2014-02-26,29.25,29.42,28.96,29.05,2783044
2014-02-27,27.3,28.61,26.25,26.94,10252818
2014-02-28,27.29,27.95,27.0,27.89,3474406
2014-03-03,27.59,27.85,27.2,27.79,1719454
2014-03-04,28.11,28.65,27.84,28.5,2297069
2014-03-05,28.57,28.82,28.31,28.43,2020568
2014-03-06,28.29,28.5,27.23,27.57,4005611
2014-03-07,27.71,27.98,27.51,27.84,2338872
2014-03-10,27.78,27.94,27.4,27.56,1813043
2014-03-11,27.57,27.72,27.09,27.25,1457902
2014-03-12,27.11,27.49,27.0,27.24,1792242
2014-03-13,27.38,27.48,26.77,26.96,2848881
2014-03-14,26.91,27.01,26.16,26.28,3197859
2014-03-17,26.46,26.76,25.83,26.01,3760981
2014-03-18,26.77,26.77,25.65,25.71,2900843
2014-03-19,25.81,26.7,25.64,26.3,4019412
2014-03-20,26.3,26.47,25.68,25.8,2896316
2014-03-21,25.89,26.4,25.53,25.74,2286351
2014-03-24,25.76,25.94,25.18,25.27,2005045
2014-03-25,25.49,26.37,25.17,25.22,1376637
2014-03-26,25.39,25.54,24.46,24.77,2502471
2014-03-27,24.85,25.24,24.59,25.13,1705429
2014-03-28,25.28,25.93,25.28,25.89,2507121
2014-03-31,26.13,26.39,25.78,26.36,1674153
2014-04-01,26.42,27.17,26.36,27.16,2327237
2014-04-02,27.25,27.42,26.9,27.06,1446067
2014-04-03,27.14,28.04,26.96,27.99,2660111
2014-04-04,28.36,28.36,27.38,27.49,2637337
2014-04-07,27.27,27.5,26.9,27.26,1838999
2014-04-08,27.28,27.71,27.08,27.67,1402101
2014-04-09,27.71,27.91,27.42,27.84,1085494
2014-04-10,27.78,27.91,27.03,27.13,1509405
2014-04-11,27.4,27.75,26.99,27.42,1515441
2014-04-14,27.57,27.64,26.48,26.66,3509867
2014-04-15,26.77,27.55,26.39,27.45,2092990
2014-04-16,27.58,27.8,26.69,26.79,2055536
2014-04-17,26.81,27.45,26.79,27.39,4261632
2014-04-21,27.61,27.8,27.14,27.45,910159
2014-04-22,27.48,27.75,27.13,27.16,1507448
2014-04-23,27.2,27.31,26.89,27.09,1054686
2014-04-24,27.22,27.4,26.81,27.37,908000
2014-04-25,27.3,27.3,26.63,26.63,1585851
2014-04-28,26.8,27.47,26.68,27.18,2874588
2014-04-29,27.5,29.66,27.31,29.57,3421911
2014-04-30,29.12,29.53,28.3,29.11,4555391
2014-05-01,29.29,29.3,28.94,29.12,2129696
2014-05-02,29.14,29.57,29.08,29.26,1683327
2014-05-05,29.18,29.85,28.89,29.25,1309059
2014-05-06,29.18,29.32,28.2,28.41,2038932
2014-05-07,28.53,28.98,28.32,28.95,1724110
2014-05-08,28.97,29.65,28.77,28.93,1507908
2014-05-09,28.83,29.14,28.57,28.78,870738
2014-05-12,28.98,29.4,28.8,29.35,1084177
2014-05-13,29.34,29.69,29.2,29.37,1481471
2014-05-14,29.23,29.3,28.47,28.51,2377789
2014-05-15,28.47,28.67,27.79,28.36,2030004
2014-05-16,28.21,28.63,27.9,28.4,1166818
2014-05-19,28.35,28.62,28.34,28.37,726847
2014-05-20,28.45,28.45,27.65,27.92,1484975
2014-05-21,28.05,28.32,27.8,28.07,751978
2014-05-22,28.01,28.3,27.84,28.15,954647
2014-05-23,28.07,28.32,28.03,28.12,1185655
2014-05-27,28.38,28.7,28.25,28.67,1228796
2014-05-28,28.61,28.61,28.06,28.29,1398171
2014-05-29,28.45,28.45,27.95,28.06,1070200
2014-05-30,28.07,28.07,27.65,27.74,879174
2014-06-02,27.74,28.13,27.55,28.0,584780
2014-06-03,27.7,28.27,27.65,28.13,729903
2014-06-04,28.04,28.16,27.92,27.98,738321
2014-06-05,28.03,28.24,27.86,27.89,1667653
2014-06-06,28.0,28.27,27.58,28.13,2337817
2014-06-09,28.15,28.77,28.13,28.2,2839239
2014-06-10,28.11,28.17,27.17,27.23,1738101
2014-06-11,27.23,28.33,26.65,26.87,2616143
2014-06-12,26.78,26.97,26.25,26.35,1518242
2014-06-13,26.45,26.63,25.92,26.0,2149410
2014-06-16,26.0,26.19,25.62,25.66,2129797
2014-06-17,25.61,25.85,24.95,25.76,3557572
2014-06-18,25.85,26.86,25.77,26.79,2700503
2014-06-19,26.86,26.98,26.3,26.48,1282778
2014-06-20,26.51,26.7,26.35,26.52,1682359
2014-06-23,26.3,26.7,25.96,26.03,2092737
2014-06-24,25.95,26.32,25.67,25.84,1683598
2014-06-25,25.75,26.55,25.71,26.4,1448417
2014-06-26,26.35,26.4,25.95,26.32,1177097
2014-06-27,26.28,26.84,26.2,26.66,2108606
2014-06-30,26.68,26.73,26.24,26.69,1616901
2014-07-01,26.81,27.39,26.74,27.02,1762505
2014-07-02,26.95,27.1,26.7,26.74,643644
2014-07-03,26.73,27.07,26.62,27.0,568682
2014-07-07,27.0,27.49,26.69,27.11,1493550
2014-07-08,26.98,26.98,26.46,26.49,1746084
2014-07-09,26.21,27.05,26.21,27.03,1301709
2014-07-10,26.59,26.91,26.35,26.57,1853357
2014-07-11,26.49,26.84,26.26,26.61,1602254
2014-07-14,26.82,26.94,26.55,26.73,1056415
2014-07-15,26.7,27.0,26.5,26.63,1152745
2014-07-16,26.75,27.0,26.11,26.24,1870644
2014-07-17,26.1,26.27,25.72,25.73,1026818
2014-07-18,25.78,26.03,25.53,25.89,896050
2014-07-21,25.77,26.07,25.7,25.76,972222
2014-07-22,25.85,25.97,25.5,25.55,1389080
2014-07-23,25.64,25.89,25.58,25.74,1165011
2014-07-24,25.85,25.9,25.64,25.71,1153015
2014-07-25,25.61,25.79,25.29,25.34,1203396
2014-07-28,25.45,25.66,25.14,25.48,1604878
2014-07-29,25.43,25.62,25.16,25.42,2829227
2014-07-30,25.54,25.6,25.22,25.34,2509580
2014-07-31,25.7,26.45,25.54,26.16,4127890
2014-08-01,26.08,26.3,25.16,25.56,5199115
2014-08-04,25.64,26.59,25.59,26.47,2481658
2014-08-05,26.38,26.53,26.04,26.16,1565363
2014-08-06,26.04,26.36,25.92,26.11,885494
2014-08-07,26.18,26.25,25.82,25.99,1302766
2014-08-08,25.93,26.57,25.9,26.55,1462896
2014-08-11,26.62,26.83,26.35,26.6,1173002
2014-08-12,26.49,26.72,26.15,26.32,937624
2014-08-13,26.35,26.54,26.12,26.17,812067
2014-08-14,26.26,26.56,26.17,26.46,1223031
2014-08-15,26.55,26.59,26.04,26.51,1203575
2014-08-18,26.66,27.3,26.56,27.23,1404242
2014-08-19,27.31,27.39,27.03,27.11,987287
2014-08-20,27.01,27.35,26.82,27.32,1915405
2014-08-21,27.34,27.34,27.04,27.21,1512605
2014-08-22,27.26,27.42,27.08,27.29,1334694
2014-08-25,27.49,28.06,27.3,28.06,1881735
2014-08-26,28.17,28.21,27.7,27.89,1756365
2014-08-27,27.94,28.02,27.68,27.75,893385
2014-08-28,27.68,27.84,27.44,27.77,730185
2014-08-29,27.78,28.54,27.75,28.4,1400851
2014-09-02,28.37,28.96,28.35,28.95,2463623
2014-09-03,28.98,29.21,28.77,28.81,2704481
2014-09-04,28.77,29.09,28.6,28.75,2297961
2014-09-05,28.72,28.94,28.49,28.63,1196039
2014-09-08,28.53,28.61,28.22,28.43,1015042
2014-09-09,28.29,28.39,28.08,28.25,1249931
2014-09-10,28.21,28.26,27.71,27.97,1136908
2014-09-11,27.9,28.23,27.78,28.21,926832
2014-09-12,28.21,28.23,27.85,27.95,740401
2014-09-15,27.9,28.25,27.79,27.98,904270
2014-09-16,27.93,28.15,27.75,28.06,1533760
2014-09-17,28.17,28.19,27.73,27.81,1089214
2014-09-18,27.89,27.97,27.48,27.5,1315422
2014-09-19,27.57,27.58,27.07,27.33,1561806
2014-09-22,27.23,27.3,26.74,26.81,908050
2014-09-23,26.64,26.79,26.43,26.43,1263813
2014-09-24,26.45,26.7,26.25,26.64,718108
2014-09-25,26.5,26.57,26.13,26.26,1347085
2014-09-26,26.22,26.6,26.18,26.57,1124693
2014-09-29,26.31,26.66,26.21,26.59,1122311
2014-09-30,26.55,26.72,26.44,26.58,1563188
2014-10-01,26.51,26.98,26.51,26.63,2368080
2014-10-02,26.7,27.19,26.51,27.06,1210778
2014-10-03,27.25,27.69,27.14,27.4,1406387
2014-10-06,27.45,27.59,27.08,27.09,1485599
2014-10-07,26.97,26.97,26.38,26.38,1062271
2014-10-08,26.41,26.71,26.14,26.66,810239
2014-10-09,26.67,26.67,26.01,26.1,948692
2014-10-10,26.17,26.27,25.7,25.7,1069688
2014-10-13,25.7,25.82,25.1,25.13,1144976
2014-10-14,25.24,26.09,25.18,25.98,1589924
2014-10-15,25.53,26.1,25.04,25.85,1354869
2014-10-16,25.38,26.35,25.27,26.3,1727406
2014-10-17,26.53,26.54,26.05,26.26,1430670
2014-10-20,26.19,26.62,26.13,26.48,802305
2014-10-21,26.72,27.16,26.48,26.98,1050731
2014-10-22,27.0,27.39,26.77,26.84,1141077
2014-10-23,27.11,27.31,26.8,27.16,1081146
2014-10-24,27.09,27.25,26.81,27.23,517062
2014-10-27,27.06,27.31,26.94,27.29,657071
2014-10-28,27.4,27.87,27.27,27.82,922199
2014-10-29,27.94,27.97,27.45,27.65,1247459
2014-10-30,26.55,27.15,25.92,26.86,3269749
2014-10-31,27.21,28.95,27.06,28.57,3263989
2014-11-03,28.55,28.98,28.32,28.79,1643310
2014-11-04,28.78,28.89,28.16,28.19,1059017
2014-11-05,28.31,28.82,28.22,28.77,1348973
2014-11-06,28.74,29.07,28.59,28.95,796503
2014-11-07,28.97,29.13,28.58,29.12,934822
2014-11-10,29.19,29.56,28.98,29.23,1100639
2014-11-11,29.18,29.22,28.9,29.11,637272
2014-11-12,28.76,29.35,28.76,29.24,681748
2014-11-13,29.3,29.44,29.0,29.06,542743
2014-11-14,29.12,29.32,28.91,28.97,516536
2014-11-17,28.85,29.04,28.65,28.77,663836
2014-11-18,28.83,29.18,28.71,28.96,1089447
2014-11-19,28.95,28.97,28.42,28.71,907615
2014-11-20,28.53,29.04,28.53,28.8,858976
2014-11-21,29.15,29.17,28.7,28.78,845216
2014-11-24,28.76,29.35,28.75,29.0,1434793
2014-11-25,29.09,29.11,28.58,28.74,740469
2014-11-26,28.75,28.92,28.53,28.86,820349
2014-11-28,28.95,29.27,28.79,29.06,572062
2014-12-01,28.96,29.31,28.68,28.74,1090432
2014-12-02,28.73,29.13,28.73,28.86,690912
2014-12-03,28.91,29.61,28.73,29.55,789542
2014-12-04,29.6,29.64,28.86,28.97,689129
2014-12-05,29.1,29.32,28.99,29.25,639151
2014-12-08,29.13,29.31,28.78,28.96,760238
2014-12-09,28.74,29.49,28.74,29.43,1449059
2014-12-10,29.41,29.41,28.85,28.89,850264
2014-12-11,29.08,29.25,28.53,28.56,799209
2014-12-12,28.31,28.62,27.75,27.8,1897094
2014-12-15,28.04,28.6,27.48,27.5,1169810
2014-12-16,27.4,27.6,26.91,26.91,1603298
2014-12-17,26.76,27.46,26.74,27.4,1470386
2014-12-18,27.82,27.98,27.29,27.51,1217028
2014-12-19,27.61,27.97,27.5,27.61,1334191
2014-12-22,27.75,28.02,27.53,27.72,810035
2014-12-23,27.91,28.16,27.62,27.95,792169
2014-12-24,27.99,28.08,27.81,27.93,617324
2014-12-26,28.05,28.37,28.05,28.11,477583
2014-12-29,28.22,28.54,28.08,28.21,1264973
2014-12-30,28.17,28.38,28.0,28.23,711671
2014-12-31,28.34,28.58,28.11,28.12,734804
2015-01-02,28.22,28.23,27.33,27.77,984352
2015-01-05,27.56,27.8,27.2,27.44,874044
2015-01-06,27.46,27.65,26.72,26.95,817352
2015-01-07,27.26,27.35,26.91,27.34,854978
2015-01-08,27.51,27.85,27.45,27.62,1186594
2015-01-09,27.68,27.79,27.17,27.38,920235
2015-01-12,27.42,27.62,26.78,26.9,992966
2015-01-13,27.06,27.32,26.32,26.64,709495
2015-01-14,26.25,26.48,25.96,26.21,893748
2015-01-15,26.22,26.47,25.24,25.27,1448171
2015-01-16,25.31,25.66,25.11,25.64,1329182
2015-01-20,25.7,25.99,25.48,25.66,1670724
2015-01-21,25.69,26.37,25.49,26.29,1411098
2015-01-22,26.45,27.0,26.27,26.9,1287521
2015-01-23,26.79,27.05,26.67,26.99,909126
2015-01-26,27.04,27.3,26.87,27.3,787537
2015-01-27,26.82,27.18,26.7,26.84,718901
2015-01-28,26.97,26.99,25.84,25.93,1218829
2015-01-29,26.09,26.25,25.74,26.21,1175925
2015-01-30,26.15,26.27,25.74,25.82,1385835
2015-02-02,25.86,26.32,25.68,26.29,1417486
2015-02-03,26.4,26.9,26.39,26.86,987937
2015-02-04,26.0,26.86,25.51,26.59,1349073
2015-02-05,26.77,27.02,26.42,26.68,2218118
2015-02-06,26.9,27.34,26.7,27.03,1420242
2015-02-09,27.02,27.25,26.8,27.06,2444258
2015-02-10,27.32,27.38,26.99,27.37,760262
2015-02-11,27.37,27.5,26.98,27.16,1163424
2015-02-12,27.19,27.33,27.02,27.12,1015225
2015-02-13,27.08,27.24,26.95,27.23,979798
2015-02-17,27.29,27.53,27.18,27.44,1109798
2015-02-18,27.34,27.46,27.07,27.25,1434136
2015-02-19,27.26,27.39,27.06,27.3,1496014
2015-02-20,27.35,27.44,27.0,27.36,1575920
2015-02-23,27.29,27.49,27.17,27.25,1643693
2015-02-24,27.28,27.4,26.97,27.36,1522909
2015-02-25,27.41,27.91,27.28,27.86,1268601
2015-02-26,24.1,24.97,22.9,24.78,14844103
2015-02-27,24.7,24.82,24.33,24.58,5013365
2015-03-02,24.6,24.84,24.51,24.81,2578033
2015-03-03,24.83,24.99,24.62,24.94,2597989
2015-03-04,24.42,24.58,24.03,24.04,2849862
2015-03-05,24.19,24.22,23.78,24.15,2244260
2015-03-06,24.02,24.22,23.7,23.84,2728707
2015-03-09,23.81,24.0,23.46,23.98,2663079
2015-03-10,23.75,24.08,23.64,23.81,3539683
2015-03-11,23.94,24.23,23.76,24.15,4342226
2015-03-12,24.29,24.65,24.16,24.46,2636806
2015-03-13,24.4,24.56,24.17,24.42,1559047
2015-03-16,24.48,25.06,24.48,24.69,3197173
2015-03-17,24.65,24.71,24.42,24.61,1581347
2015-03-18,24.52,24.6,24.26,24.3,3367700
2015-03-19,24.19,24.59,24.03,24.23,2815869
2015-03-20,24.34,24.49,24.21,24.4,3009211
2015-03-23,24.4,24.6,24.31,24.32,2728507
2015-03-24,24.29,24.42,24.17,24.19,4211941
2015-03-25,24.26,24.3,23.63,23.64,2327686
2015-03-26,23.59,24.21,23.39,24.14,5814249
2015-03-27,24.01,24.92,24.01,24.77,2706868
2015-03-30,24.81,25.14,24.81,24.99,2668838
2015-03-31,25.0,25.77,25.0,25.57,3727070
2015-04-01,25.55,25.6,25.26,25.4,2724666
2015-04-02,25.44,25.62,25.26,25.58,1688245
2015-04-06,25.49,26.1,25.36,25.87,1637598
2015-04-07,25.96,25.96,25.63,25.66,1400205
2015-04-08,25.64,26.0,25.52,25.96,947926
2015-04-09,25.9,26.2,25.72,25.84,967294
2015-04-10,25.84,25.96,25.67,25.84,981100
2015-04-13,25.78,25.78,25.53,25.57,946416
2015-04-14,25.51,25.64,25.37,25.5,940459
2015-04-15,25.64,25.79,25.51,25.59,989003
2015-04-16,25.62,25.72,25.47,25.64,688334
2015-04-17,25.45,25.74,25.06,25.23,2630881
2015-04-20,25.41,25.74,25.32,25.49,1405725
2015-04-21,25.55,25.59,25.38,25.47,1856530
2015-04-22,25.47,25.63,25.27,25.52,1605847
2015-04-23,25.52,25.66,25.47,25.58,1033817
2015-04-24,25.73,25.75,25.48,25.58,1478163
2015-04-27,25.65,25.75,25.2,25.25,1821753
2015-04-28,25.18,25.35,24.97,25.01,1685511
2015-04-29,24.97,25.3,24.92,25.26,2475130
2015-04-30,26.99,27.88,26.29,27.06,5809267
2015-05-01,27.31,27.94,27.31,27.82,2305798
2015-05-04,27.83,28.1,27.73,27.84,1883805
2015-05-05,27.69,27.94,27.59,27.67,2114279
2015-05-06,27.78,27.84,27.38,27.54,994606
2015-05-07,26.97,27.77,26.53,27.62,1145337
2015-05-08,27.92,27.93,27.37,27.5,1085452
2015-05-11,27.5,27.8,27.39,27.57,1220520
2015-05-12,27.51,27.88,27.33,27.75,1212820
2015-05-13,27.8,28.12,27.7,27.85,1462112
2015-05-14,28.0,28.04,27.73,27.82,1233881
2015-05-15,27.82,28.06,27.6,28.06,1245075
2015-05-18,28.06,28.49,27.98,28.41,1013549
2015-05-19,28.52,28.65,28.41,28.53,820402
2015-05-20,28.63,28.73,28.3,28.7,1007329
2015-05-21,28.55,28.77,28.44,28.72,781124
2015-05-22,28.77,28.89,28.68,28.75,793122
2015-05-26,28.74,28.74,28.19,28.33,1249730
2015-05-27,28.5,28.92,28.26,28.86,1153961
2015-05-28,28.86,29.0,28.64,28.82,1297193
2015-05-29,28.71,28.89,28.49,28.57,1169684
2015-06-01,28.62,28.85,28.43,28.8,895888
2015-06-02,28.63,28.96,28.57,28.85,614337
2015-06-03,28.99,29.33,28.73,29.26,1148142
2015-06-04,28.98,29.16,28.85,29.02,1258985
2015-06-05,29.02,29.58,29.0,29.51,1080298
2015-06-08,29.49,29.51,29.03,29.04,736840
2015-06-09,29.14,29.35,28.92,29.11,545927
2015-06-10,29.18,29.47,29.1,29.28,1278302
2015-06-11,29.35,29.47,29.2,29.41,990021
2015-06-12,29.39,29.51,29.25,29.39,540485
2015-06-15,29.19,29.32,28.83,29.3,868854
2015-06-16,29.35,29.5,29.15,29.28,1017980
2015-06-17,29.39,29.56,29.26,29.35,978139
2015-06-18,29.37,29.83,29.37,29.58,950618
2015-06-19,29.66,29.9,29.54,29.7,1099705
2015-06-22,29.87,29.87,29.47,29.8,964062
2015-06-23,29.8,30.11,29.71,30.03,798182
2015-06-24,30.04,30.24,29.86,30.03,949989
2015-06-25,30.25,30.5,30.08,30.34,1575080
2015-06-26,30.4,30.82,30.25,30.78,1837207
2015-06-29,30.54,30.71,30.18,30.22,1294145
2015-06-30,30.42,30.49,30.03,30.24,1343524
2015-07-01,30.47,30.8,30.35,30.6,1898055
2015-07-02,30.81,30.95,30.2,30.41,1345842
2015-07-06,30.15,30.66,30.12,30.29,1745912
2015-07-07,30.38,30.66,29.93,30.59,1756138
2015-07-08,30.31,30.5,30.11,30.36,2433060
2015-07-09,30.74,30.74,30.01,30.07,2263475
2015-07-10,30.27,30.44,30.0,30.33,1224985
2015-07-13,30.58,30.78,30.39,30.76,1770026
2015-07-14,30.69,31.05,30.51,30.93,1610132
2015-07-15,30.98,31.18,30.77,31.05,1150222
2015-07-16,31.26,31.33,31.07,31.18,752499
2015-07-17,31.25,31.36,30.99,31.12,748238
2015-07-20,31.25,31.36,31.1,31.27,692301
2015-07-21,31.3,31.43,31.14,31.2,872694
2015-07-22,31.18,31.39,31.07,31.2,1206335
2015-07-23,31.3,31.53,31.25,31.4,1166567
2015-07-24,31.46,31.46,30.78,30.91,1170030
2015-07-27,30.7,30.92,30.47,30.72,1549446
2015-07-28,30.86,30.98,30.61,30.87,1909305
2015-07-29,30.92,31.43,30.92,31.36,1778048
2015-07-30,31.13,32.25,30.9,31.34,2905291
2015-07-31,31.5,31.94,31.01,31.47,1614007
2015-08-03,31.52,31.69,31.08,31.34,1602974
2015-08-04,31.48,31.96,31.41,31.72,1452311
2015-08-05,31.77,31.95,31.61,31.74,1087331
2015-08-06,31.64,31.99,31.23,31.49,852768
2015-08-07,31.44,31.63,31.24,31.41,845794
2015-08-10,31.66,31.84,31.35,31.65,1098836
2015-08-11,31.46,31.48,31.06,31.44,908646
2015-08-12,31.18,31.46,30.9,31.12,1691640
2015-08-13,31.05,31.57,30.96,31.35,804950
2015-08-14,31.44,31.72,31.24,31.53,992394
2015-08-17,31.37,31.54,31.16,31.45,967402
2015-08-18,31.41,31.55,31.2,31.2,700970
2015-08-19,31.14,31.14,30.72,30.84,754789
2015-08-20,30.51,30.77,30.18,30.42,1095297
2015-08-21,30.06,30.19,29.46,29.47,1659552
2015-08-24,27.9,29.47,26.67,28.69,2231060
2015-08-25,29.51,29.95,28.46,28.49,2037174
2015-08-26,29.07,29.25,28.65,29.08,1943647
2015-08-27,29.33,29.91,29.3,29.86,1584954
2015-08-28,29.72,30.16,29.72,29.93,903379
2015-08-31,29.9,30.27,29.75,30.0,745028
2015-09-01,29.45,29.75,29.3,29.45,1270654
2015-09-02,29.82,30.12,29.47,30.12,1139163
2015-09-03,30.23,30.76,30.22,30.36,1692625
2015-09-04,30.04,30.73,29.67,29.81,1477300
2015-09-08,30.42,30.58,29.96,30.49,1024013
2015-09-09,30.62,30.82,30.13,30.26,1137973
2015-09-10,30.26,30.58,30.14,30.35,910151
2015-09-11,30.22,30.36,29.86,30.3,983711
2015-09-14,30.35,30.51,30.12,30.37,816923
2015-09-15,30.6,30.6,30.25,30.5,1010612
2015-09-16,30.55,30.76,30.15,30.67,1178844
2015-09-17,30.6,31.04,30.56,30.67,1002612
2015-09-18,30.17,30.36,29.89,29.95,1245972
2015-09-21,30.23,30.72,30.14,30.61,1791219
2015-09-22,30.18,30.35,29.46,29.85,1435049
2015-09-23,29.74,29.86,29.42,29.49,1033867
2015-09-24,29.21,29.29,28.74,29.18,1508417
2015-09-25,29.38,29.44,29.07,29.14,1178776
2015-09-28,28.9,28.94,28.17,28.25,1109909
2015-09-29,28.35,28.38,27.81,27.94,1614057
2015-09-30,28.24,28.42,27.89,28.38,2075152
2015-10-01,28.37,28.7,28.13,28.44,1212393
2015-10-02,28.1,28.63,28.03,28.62,1543410
2015-10-05,28.83,29.97,28.78,29.08,1100047
2015-10-06,29.1,29.25,28.75,28.96,5937864
2015-10-07,29.07,29.21,28.71,28.84,1479771
2015-10-08,28.82,29.06,28.65,28.88,1430768
2015-10-09,28.88,29.28,28.45,28.57,1106825
2015-10-12,28.57,28.7,28.4,28.46,601380
2015-10-13,28.43,28.63,28.19,28.22,965454
2015-10-14,28.19,28.28,27.74,27.8,1344890
2015-10-15,27.87,28.11,27.68,28.08,967387
2015-10-16,28.15,28.15,27.74,27.81,1308514
2015-10-19,27.72,28.02,27.6,27.96,1167674
2015-10-20,28.0,28.07,27.73,27.85,865770
2015-10-21,28.03,28.09,27.56,27.64,779227
2015-10-22,27.82,28.18,27.71,28.1,1124905
2015-10-23,27.93,28.34,27.82,28.3,1345607
2015-10-26,28.23,28.57,28.22,28.56,1553803
2015-10-27,28.53,28.59,28.09,28.19,1391924
2015-10-28,28.29,29.5,28.14,29.47,2428247
2015-10-29,29.33,30.32,29.06,29.94,1646059
2015-10-30,29.89,29.95,27.71,29.61,1553328
2015-11-02,29.69,29.91,29.39,29.85,1188820
2015-11-03,29.9,30.0,29.81,29.96,1128442
2015-11-04,29.95,30.09,29.7,30.05,1481429
2015-11-05,30.07,30.13,29.72,30.09,1235981
2015-11-06,30.04,30.14,29.88,30.12,941197
2015-11-09,29.98,30.17,29.52,30.1,1165437
2015-11-10,30.01,30.4,29.92,30.4,1263982
2015-11-11,30.38,30.5,30.18,30.21,903248
2015-11-12,29.89,30.07,29.61,29.61,1021902
2015-11-13,29.56,29.84,28.76,28.8,1427932
2015-11-16,28.8,29.42,28.68,29.4,1268847
2015-11-17,29.52,29.65,29.26,29.51,1107694
2015-11-18,29.69,29.69,29.12,29.45,1210638
2015-11-19,29.47,29.63,29.23,29.48,846312
2015-11-20,29.67,29.86,29.39,29.57,798025
2015-11-23,29.53,29.97,29.24,29.78,736476
2015-11-24,29.5,29.84,29.4,29.78,1003074
2015-11-25,29.72,29.93,29.69,29.78,630077
2015-11-27,29.75,30.13,29.68,30.07,448825
2015-11-30,30.2,30.2,29.39,29.48,1148758
2015-12-01,29.55,29.88,29.47,29.7,1296749
2015-12-02,29.72,29.85,29.02,29.08,633007
2015-12-03,29.28,29.28,28.38,28.56,1469372
2015-12-04,28.55,29.09,28.55,29.02,1034616
2015-12-07,28.96,29.17,28.75,29.14,946215
2015-12-08,29.01,29.43,28.83,29.37,1131504
2015-12-09,29.22,29.49,28.63,28.67,1008813
2015-12-10,28.74,28.79,28.3,28.66,1047829
2015-12-11,28.37,28.41,28.02,28.15,770307
2015-12-14,28.11,28.53,28.08,28.44,987043
2015-12-15,28.69,28.95,28.51,28.54,1138608
2015-12-16,28.71,28.89,28.2,28.73,1070446
2015-12-17,28.74,28.79,27.97,27.97,920324
2015-12-18,27.85,27.98,27.1,27.27,2181491
2015-12-21,27.37,27.91,27.08,27.35,1349211
2015-12-22,27.44,28.96,27.39,28.85,2009157
2015-12-23,29.03,29.63,28.96,29.47,1371479
2015-12-24,29.37,29.75,29.3,29.49,500867
2015-12-28,29.34,29.7,29.23,29.69,906046
2015-12-29,29.83,30.11,29.7,30.04,911455
2015-12-30,30.0,30.26,29.71,29.77,765149
2015-12-31,29.76,30.17,29.55,29.64,921704
2016-01-04,29.27,29.49,28.61,28.86,2063184
2016-01-05,28.82,29.24,28.38,28.6,1046571
2016-01-06,28.05,28.55,28.03,28.41,1299894
2016-01-07,27.79,28.29,27.55,28.19,2583050
2016-01-08,28.46,28.7,27.06,27.12,1723412
2016-01-11,27.21,27.36,26.46,26.73,1717305
2016-01-12,27.02,27.37,26.54,27.02,1655186
2016-01-13,27.07,27.09,25.31,25.36,2063501
2016-01-14,25.38,26.07,25.28,25.81,2155509
2016-01-15,25.39,25.98,25.01,25.96,2341068
2016-01-19,26.2,26.36,25.4,25.74,1708160
2016-01-20,25.48,26.31,25.01,26.06,1703170
2016-01-21,26.1,26.67,25.94,26.35,2328388
2016-01-22,26.69,26.97,26.19,26.78,1489599
2016-01-25,26.72,26.9,25.98,26.06,1200212
2016-01-26,26.25,26.82,26.12,26.78,1036418
2016-01-27,26.66,26.72,25.96,26.16,1053888
2016-01-28,26.44,26.5,25.97,26.46,1004267
2016-01-29,26.5,27.41,26.5,27.4,1247563
2016-02-01,27.23,27.48,26.87,27.35,1284793
2016-02-02,27.11,27.51,26.75,26.78,937906
2016-02-03,26.94,27.42,25.99,26.56,1226076
2016-02-04,26.41,26.55,25.84,26.41,1466024
2016-02-05,26.35,26.35,25.16,25.21,1263034
2016-02-08,24.82,24.96,24.44,24.93,1289296
2016-02-09,24.63,24.89,24.18,24.18,1764852
2016-02-10,24.41,25.01,24.11,24.54,1383765
2016-02-11,24.19,24.97,23.95,24.41,1530455
2016-02-12,24.72,26.3,24.43,25.02,964309
2016-02-16,25.51,25.82,25.14,25.66,842038
2016-02-17,25.91,26.13,25.6,26.04,975170
2016-02-18,25.98,26.46,25.77,25.94,817844
2016-02-19,25.85,26.34,25.68,26.3,713516
2016-02-22,26.52,26.78,25.77,26.0,2034318
2016-02-23,25.94,26.55,25.76,26.17,1798823
2016-02-24,25.78,26.04,24.83,25.93,2888784
2016-02-25,27.45,27.86,26.54,27.75,3372688
2016-02-26,28.02,28.2,27.36,28.15,1346469
2016-02-29,28.88,29.0,27.47,27.6,2295822
2016-03-01,27.79,28.56,27.66,28.55,1894735
2016-03-02,28.76,28.97,28.32,28.96,2654284
2016-03-03,28.85,29.43,28.58,29.42,1295399
2016-03-04,29.58,30.16,29.41,30.04,2215067
2016-03-07,29.96,30.47,29.6,30.44,1182970
2016-03-08,30.37,30.62,30.15,30.41,2125148
2016-03-09,30.7,30.76,30.26,30.42,1210668
2016-03-10,30.48,30.68,29.96,30.51,1083737
2016-03-11,30.75,31.18,30.56,31.16,1556918
2016-03-14,31.2,31.3,30.8,30.83,1920452
2016-03-15,29.78,30.85,29.78,30.49,1672844
2016-03-16,30.53,30.85,30.27,30.81,1284151
2016-03-17,30.73,31.0,30.54,30.95,1090059
2016-03-18,30.8,31.24,30.28,30.82,1884236
2016-03-21,30.74,30.97,30.27,30.86,1504029
2016-03-22,30.64,31.11,30.49,30.82,1344956
2016-03-23,30.73,30.81,30.18,30.22,2786928
2016-03-24,29.99,30.17,29.82,30.12,1801632
2016-03-28,30.37,30.84,30.21,30.62,1401021
2016-03-29,30.62,30.93,30.39,30.9,2025975
2016-03-30,31.0,31.21,30.79,31.13,1802674
2016-03-31,31.12,32.12,31.08,31.93,2373977
2016-04-01,31.75,32.17,31.65,32.16,3136016
2016-04-04,32.14,32.35,31.74,32.29,2089048
2016-04-05,32.55,32.55,31.49,31.5,1825518
2016-04-06,31.48,31.67,31.08,31.65,1659746
2016-04-07,31.57,31.59,31.02,31.38,1232860
2016-04-08,31.54,31.76,31.26,31.65,1679378
2016-04-11,31.92,32.0,31.36,31.36,1752373
2016-04-12,31.57,32.4,31.36,32.3,1841168
2016-04-13,32.5,33.23,32.29,33.21,1422186
2016-04-14,33.3,33.4,32.99,33.06,1090896
2016-04-15,33.1,33.36,33.05,33.22,905281
2016-04-18,33.04,33.45,32.98,33.21,848041
2016-04-19,33.48,33.62,33.19,33.36,1032438
2016-04-20,33.31,33.64,32.97,33.55,738062
2016-04-21,33.64,33.84,33.46,33.52,1023853
2016-04-22,33.51,33.7,33.24,33.27,1864184
2016-04-25,33.34,33.42,33.0,33.08,1799564
2016-04-26,33.31,34.06,33.19,33.95,1709390
2016-04-27,33.94,34.26,33.82,34.16,1846905
2016-04-28,33.92,34.21,32.74,32.9,2411380
2016-04-29,32.92,33.09,31.47,32.06,3201025
2016-05-02,32.05,32.47,31.72,32.47,2814594
2016-05-03,32.17,32.58,31.98,32.5,1666614
2016-05-04,32.24,32.71,32.24,32.44,1411812
2016-05-05,32.52,32.74,32.29,32.35,1660030
2016-05-06,32.16,32.58,32.0,32.51,698477
2016-05-09,32.4,32.87,32.35,32.59,1385653
2016-05-10,32.79,33.14,32.63,32.99,1674137
2016-05-11,33.05,33.19,32.51,32.58,1383578
2016-05-12,32.63,33.24,32.61,33.0,1646855
2016-05-13,32.97,32.98,32.25,32.29,1189897
2016-05-16,32.42,33.05,32.42,32.71,1909342
2016-05-17,32.55,32.92,31.94,32.18,1445654
2016-05-18,32.06,32.18,31.79,32.0,1183905
2016-05-19,31.7,31.76,31.23,31.46,4918692
2016-05-20,31.52,31.69,31.24,31.44,7145694
2016-05-23,31.61,32.25,31.31,31.92,3101962
2016-05-24,32.01,32.51,32.01,32.26,2001524
2016-05-25,32.26,33.0,32.15,32.93,2311302
2016-05-26,31.88,33.25,31.88,32.75,2072716
2016-05-27,32.91,33.19,32.58,33.19,1576388
2016-05-31,33.3,33.48,32.88,33.07,934826
2016-06-01,32.79,33.19,32.46,32.7,1245519
2016-06-02,32.49,33.1,32.49,33.1,1521554
2016-06-03,32.85,32.97,32.48,32.94,1005059
2016-06-06,32.9,32.9,32.45,32.48,1810018
2016-06-07,32.47,33.24,32.47,33.05,1990344
2016-06-08,33.01,33.22,32.91,33.22,1481300
2016-06-09,33.02,33.33,32.98,33.11,1747582
2016-06-10,32.4,32.7,32.16,32.24,1236803
2016-06-13,32.22,32.45,32.0,32.14,1361240
2016-06-14,32.05,32.26,31.91,32.13,1119941
2016-06-15,32.19,32.75,32.11,32.44,1336718
2016-06-16,32.26,32.75,32.05,32.52,1084974
2016-06-17,32.52,32.76,32.27,32.59,1211785
2016-06-20,32.91,33.24,32.85,32.89,1233417
2016-06-21,32.92,33.23,32.56,32.77,1161060
2016-06-22,32.75,33.23,32.56,32.84,1394206
2016-06-23,33.17,33.62,33.05,33.61,1947182
2016-06-24,32.07,32.27,31.02,31.04,3857901
2016-06-27,30.9,30.93,29.37,29.52,3969429
2016-06-28,29.94,30.68,29.68,30.42,1807247
2016-06-29,30.81,31.55,30.54,31.35,1562516
2016-06-30,31.52,32.61,31.19,31.7,1938651
2016-07-01,31.7,32.16,31.49,32.13,1825253
2016-07-05,31.95,32.05,31.18,31.59,2031945
2016-07-06,31.48,31.95,31.41,31.75,2815578
2016-07-07,32.0,32.03,31.62,31.99,1154716
2016-07-08,32.39,33.16,32.1,33.09,1461526
2016-07-11,33.89,33.95,33.42,33.67,2844977
2016-07-12,33.91,34.02,33.37,33.39,1240285
2016-07-13,33.45,33.64,33.06,33.18,1134004
2016-07-14,33.48,33.54,33.2,33.4,1174882
2016-07-15,33.53,33.58,32.99,33.07,1198255
2016-07-18,33.03,33.19,32.64,32.66,1639475
2016-07-19,32.64,32.91,32.37,32.53,1773201
2016-07-20,32.67,32.95,32.51,32.89,690498
2016-07-21,32.89,33.2,32.78,32.99,1621078
2016-07-22,33.03,33.39,32.99,33.34,835855
2016-07-25,33.24,33.75,33.24,33.64,1187467
2016-07-26,33.72,33.88,33.58,33.84,1617894
2016-07-27,33.91,34.25,33.84,34.16,1779544
2016-07-28,33.8,33.9,32.45,33.61,2136791
2016-07-29,33.66,34.51,33.63,34.38,2022655
2016-08-01,34.4,34.56,34.25,34.48,1633380
2016-08-02,34.46,34.65,34.25,34.51,2547952
2016-08-03,34.56,34.86,34.42,34.85,1766657
2016-08-04,34.92,35.08,34.59,34.66,1843472
2016-08-05,34.83,35.29,34.75,35.19,1238439
2016-08-08,35.33,35.51,34.82,34.92,1393271
2016-08-09,34.91,35.12,34.65,34.72,1207411
2016-08-10,34.83,35.01,34.69,34.95,1973246
2016-08-11,35.15,35.41,34.68,34.69,944134
2016-08-12,34.69,35.33,34.45,34.64,1046715
2016-08-15,34.81,35.38,34.81,35.35,1256332
2016-08-16,35.27,35.46,35.07,35.16,873220
2016-08-17,35.05,35.46,35.05,35.39,1604453
2016-08-18,35.33,35.46,35.14,35.45,862607
2016-08-19,35.39,35.71,35.26,35.69,1094660
2016-08-22,35.67,35.7,35.39,35.6,1042937
2016-08-23,35.76,35.84,35.61,35.79,696431
2016-08-24,35.81,35.97,35.67,35.88,932605
2016-08-25,35.77,35.99,35.65,35.85,862869
2016-08-26,35.99,36.13,35.48,35.7,1111307
2016-08-29,35.74,36.14,35.71,35.98,894421
2016-08-30,35.95,36.25,35.93,36.22,1034541
2016-08-31,36.27,36.35,35.86,36.09,1086933
2016-09-01,35.9,36.05,35.5,35.56,1586868
2016-09-02,35.7,35.89,35.5,35.79,1083063
2016-09-06,35.85,36.08,35.62,36.05,1345601
2016-09-07,36.06,36.27,35.98,36.24,751975
2016-09-08,36.18,36.3,35.73,35.74,1556056
2016-09-09,35.38,35.61,34.92,34.92,1860247
2016-09-12,34.85,35.48,34.69,35.43,1445442
2016-09-13,35.11,35.49,34.03,35.19,1565109
2016-09-14,35.19,35.57,35.1,35.43,1386832
2016-09-15,35.35,35.86,35.01,35.7,1369717
2016-09-16,35.24,35.54,34.94,35.46,1544451
2016-09-19,35.54,35.98,35.51,35.62,1397730
2016-09-20,35.77,35.91,35.27,35.29,1628929
2016-09-21,35.42,35.58,35.04,35.4,1909155
2016-09-22,35.62,35.87,35.35,35.73,2128376
2016-09-23,35.67,35.77,35.44,35.68,1353576
2016-09-26,35.57,35.65,35.05,35.29,1324647
2016-09-27,35.25,35.44,35.07,35.41,1629717
2016-09-28,35.52,35.56,35.24,35.53,3264555
2016-09-29,35.44,35.7,35.19,35.25,2208381
2016-09-30,35.46,35.61,35.2,35.47,1191950
2016-10-03,35.31,35.58,35.16,35.22,927871
2016-10-04,35.13,35.24,34.13,34.18,2827729
2016-10-05,34.5,34.54,33.53,33.62,4050653
2016-10-06,33.45,34.04,32.82,33.23,2603052
2016-10-07,33.25,33.42,33.02,33.2,1727603
2016-10-10,33.45,33.81,33.45,33.57,1691416
2016-10-11,33.49,33.65,33.0,33.11,1307981
2016-10-12,33.15,33.57,32.99,33.31,1180432
2016-10-13,32.97,33.14,32.9,32.98,1470910
2016-10-14,33.15,33.35,32.8,32.84,1551861
2016-10-17,32.78,33.13,32.66,33.04,1355025
2016-10-18,33.4,33.59,32.82,32.93,1404388
2016-10-19,32.47,33.1,32.47,32.94,1021700
2016-10-20,32.86,33.08,32.77,32.98,1405001
2016-10-21,32.75,32.9,32.48,32.86,1049777
2016-10-24,33.03,33.26,32.99,33.04,1211288
2016-10-25,32.96,33.4,32.75,32.97,1045877
2016-10-26,32.83,33.4,32.74,33.27,2146649
2016-10-27,30.78,32.47,29.57,31.82,7873282
2016-10-28,31.94,32.24,31.77,32.12,2808370
2016-10-31,32.25,32.64,31.92,32.28,2058097
2016-11-01,32.34,32.47,31.74,31.99,1855935
2016-11-02,31.97,32.06,31.55,31.8,1658961
2016-11-03,31.81,32.58,31.08,31.19,1704103
2016-11-04,31.35,31.79,31.21,31.39,1530819
2016-11-07,31.97,32.84,31.63,31.78,1555964
2016-11-08,31.65,32.03,31.42,31.94,1278728
2016-11-09,31.41,32.13,30.98,32.08,1580056
2016-11-10,32.22,32.57,31.75,31.87,1733032
2016-11-11,31.78,32.27,31.73,32.18,1421032
2016-11-14,32.3,32.75,32.2,32.52,1536272
2016-11-15,32.64,32.92,32.48,32.9,1063644
2016-11-16,32.89,33.31,32.71,33.05,1710683
2016-11-17,32.97,33.19,32.57,32.68,1095451
2016-11-18,32.57,32.62,32.14,32.26,1421690
2016-11-21,32.28,32.73,32.22,32.68,1191131
2016-11-22,32.8,33.34,32.72,33.22,1271605
2016-11-23,33.2,33.54,33.05,33.29,829534
2016-11-25,33.34,33.52,33.17,33.17,343224
2016-11-28,33.36,33.41,32.91,33.27,822079
2016-11-29,33.39,33.59,32.96,33.02,1387066
2016-11-30,33.05,33.28,32.81,32.83,1166897
2016-12-01,32.84,33.25,32.47,32.59,1990174
2016-12-02,32.59,32.91,32.1,32.25,1796913
2016-12-05,32.52,32.96,32.36,32.67,1401600
2016-12-06,32.68,33.16,32.47,33.05,1024648
2016-12-07,33.08,33.8,32.9,33.61,4469894
2016-12-08,33.37,33.98,32.99,33.67,1459371
2016-12-09,33.94,34.3,33.51,34.29,1261181
2016-12-12,34.1,34.13,33.06,33.28,1665261
2016-12-13,33.33,33.76,32.92,33.37,1568300
2016-12-14,33.41,33.41,32.37,32.4,2126337
2016-12-15,32.39,32.72,32.07,32.58,2397640
2016-12-16,32.67,32.9,32.3,32.43,1357944
2016-12-19,32.4,32.82,31.78,32.0,1522651
2016-12-20,31.98,32.31,31.79,32.02,1396829
2016-12-21,31.95,32.49,31.9,32.38,1381233
2016-12-22,32.19,32.4,30.79,30.96,2136538
2016-12-23,31.01,31.24,30.8,30.93,1384226
2016-12-27,31.04,31.43,31.04,31.33,810862
2016-12-28,31.44,31.45,30.81,30.88,1203909
2016-12-29,30.92,31.09,30.76,30.88,650690
2016-12-30,30.99,31.24,30.54,30.66,742373
2017-01-03,30.99,31.37,30.71,31.04,1396431
2017-01-04,31.08,31.3,30.97,31.24,1959864
2017-01-05,31.15,31.3,30.81,31.26,1866264
2017-01-06,31.26,31.98,30.93,31.68,2226303
2017-01-09,31.66,31.71,31.16,31.19,1598178
2017-01-10,31.11,31.52,31.11,31.25,1225844
2017-01-11,31.19,31.37,30.98,31.19,1890314
2017-01-12,31.13,31.71,31.02,31.64,1432823
2017-01-13,31.75,31.87,31.43,31.81,974354
2017-01-17,31.68,31.81,31.45,31.6,1355152
2017-01-18,31.62,31.88,31.4,31.88,1082322
2017-01-19,31.93,31.99,31.38,31.48,3565516
2017-01-20,31.66,31.87,31.38,31.62,1641888
2017-01-23,31.54,31.93,31.39,31.67,1525379
2017-01-24,31.83,31.88,31.46,31.47,2644977
2017-01-25,31.66,31.9,31.5,31.62,1866281
2017-01-26,31.66,31.85,31.38,31.58,1364204
2017-01-27,31.58,31.67,31.24,31.46,1469934
2017-01-30,31.42,31.87,31.04,31.84,2166408
2017-01-31,31.77,31.93,31.52,31.92,2102774
2017-02-01,31.91,32.17,31.46,31.71,1816652
2017-02-02,31.64,31.75,31.46,31.74,976753
2017-02-03,31.72,32.08,31.61,31.97,1531109
2017-02-06,31.88,31.98,31.43,31.47,2157795
2017-02-07,31.62,31.64,30.73,30.9,2051424
2017-02-08,30.89,30.99,30.58,30.66,1684387
2017-02-09,30.63,31.25,30.61,31.25,1940540
2017-02-10,31.26,31.35,31.09,31.2,1257025
2017-02-13,31.25,31.38,31.14,31.37,1210042
2017-02-14,31.38,31.67,31.03,31.67,1387943
2017-02-15,31.51,32.06,31.37,31.92,1398981
2017-02-16,31.91,32.08,31.75,31.99,2054520
2017-02-17,31.88,32.0,31.61,31.93,1962546
2017-02-21,32.14,32.9,32.09,32.83,2642573
2017-02-22,32.73,33.18,32.46,33.05,3922487
2017-02-23,32.0,32.1,31.09,31.59,5938861
2017-02-24,31.56,31.94,31.4,31.87,4381845
2017-02-27,31.92,32.0,31.54,31.6,3191392
2017-02-28,31.48,31.8,31.19,31.59,3091542
2017-03-01,31.9,32.3,31.73,32.26,1986956
2017-03-02,32.14,32.29,31.53,31.58,2802928
2017-03-03,31.59,31.74,31.42,31.71,2852697
2017-03-06,31.58,31.75,31.29,31.33,2529265
2017-03-07,31.29,31.4,30.82,30.89,1744242
2017-03-08,30.92,31.26,30.69,30.71,1728120
2017-03-09,30.63,30.76,30.37,30.46,2438609
2017-03-10,30.68,30.69,29.95,29.99,4297360
2017-03-13,30.0,30.27,29.93,30.23,1972700
2017-03-14,29.48,30.24,29.48,30.14,1407467
2017-03-15,30.18,30.31,29.96,30.18,2251710
2017-03-16,30.23,30.54,30.22,30.41,1601495
2017-03-17,30.51,30.67,30.14,30.31,2071375
2017-03-20,30.31,30.4,29.97,29.98,1153210
2017-03-21,30.13,30.28,29.64,29.65,2023122
2017-03-22,29.72,29.82,29.46,29.68,1713155
2017-03-23,29.7,29.82,29.5,29.54,1922196
2017-03-24,29.54,29.71,29.26,29.39,1618633
2017-03-27,29.18,29.46,29.03,29.39,4006197
2017-03-28,29.27,29.65,29.09,29.62,3360691
2017-03-29,29.61,29.82,29.53,29.66,1583344
2017-03-30,29.56,29.89,29.52,29.59,1417351
2017-03-31,29.62,29.79,29.24,29.28,2737687
2017-04-03,29.14,29.39,28.59,28.69,2506881
2017-04-04,28.69,28.78,28.28,28.35,2825939
2017-04-05,28.5,28.7,27.89,27.94,2602331
2017-04-06,28.04,28.24,27.88,28.11,3049700
2017-04-07,28.09,28.17,27.85,28.07,1854295
2017-04-10,28.04,28.44,28.02,28.31,2055437
2017-04-11,28.27,28.63,28.21,28.63,2120996
2017-04-12,28.54,28.62,28.04,28.14,2617180
2017-04-13,28.11,28.34,27.93,27.94,1340426
2017-04-17,27.99,28.23,27.89,28.09,1303507
2017-04-18,28.01,28.3,27.95,28.22,1370637
2017-04-19,28.33,28.6,28.26,28.49,1162962
2017-04-20,28.54,29.02,28.54,28.99,1692694
2017-04-21,28.96,29.02,28.8,29.01,1334843
2017-04-24,29.3,29.52,28.98,29.44,2577238
2017-04-25,29.57,29.82,29.44,29.77,2244191
2017-04-26,29.8,30.52,29.73,30.22,3551513
2017-04-27,31.7,32.47,30.99,31.19,4113490
2017-04-28,31.31,31.78,31.11,31.23,2787571
2017-05-01,31.54,31.87,31.35,31.45,2607800
2017-05-02,31.46,31.76,31.29,31.46,1707345
2017-05-03,31.33,31.46,30.97,31.2,1437682
2017-05-04,31.3,31.3,30.9,31.04,1106091
2017-05-05,31.26,31.61,31.23,31.53,1295874
2017-05-08,31.63,31.65,31.26,31.43,1266667
2017-05-09,31.42,31.73,31.35,31.4,1577684
2017-05-10,31.36,31.46,31.14,31.29,1010305
2017-05-11,31.14,31.2,30.78,31.02,898629
2017-05-12,30.93,31.26,30.75,31.03,1118213
2017-05-15,31.13,31.49,30.99,31.17,811018
2017-05-16,31.35,31.35,30.93,30.97,1158592
2017-05-17,30.73,30.96,30.64,30.74,1584336
2017-05-18,30.73,31.37,30.61,30.87,1568790
2017-05-19,30.9,31.15,30.76,31.04,1262662
2017-05-22,31.13,31.97,31.13,31.44,1063801
2017-05-23,31.53,31.53,31.15,31.28,1506971
2017-05-24,31.31,31.35,31.09,31.27,962708
2017-05-25,31.37,31.61,31.2,31.52,1055608
2017-05-26,31.53,31.6,31.32,31.54,1006840
2017-05-30,31.49,31.61,31.22,31.36,1202140
2017-05-31,31.41,31.55,31.13,31.48,1230180
2017-06-01,31.58,32.4,31.25,32.33,1766216
2017-06-02,32.32,32.44,32.15,32.34,780109
2017-06-05,32.41,32.5,32.1,32.35,746641
2017-06-06,32.13,32.23,31.72,31.9,1010437
2017-06-07,31.98,31.99,31.8,31.85,758022
2017-06-08,31.95,31.95,31.48,31.52,1067673
2017-06-09,31.51,31.99,31.38,31.98,1053044
2017-06-12,31.86,32.37,31.83,32.35,1485753
2017-06-13,32.4,32.67,32.14,32.65,1392677
2017-06-14,32.67,32.74,32.23,32.52,1266297
2017-06-15,32.39,32.6,32.14,32.52,1199764
2017-06-16,32.1,32.53,32.03,32.43,1766635
2017-06-19,32.53,32.92,32.26,32.9,1114006
2017-06-20,32.89,32.89,32.35,32.39,1566127
2017-06-21,32.46,32.62,32.05,32.1,1287191
2017-06-22,32.03,32.17,31.95,32.12,1544965
2017-06-23,32.14,32.32,31.98,32.27,1385903
2017-06-26,32.34,32.78,32.23,32.68,812515
2017-06-27,32.61,32.88,32.34,32.36,971897
2017-06-28,32.49,32.73,32.13,32.39,1014877
2017-06-29,32.35,32.69,32.13,32.65,1154800
2017-06-30,32.59,33.09,32.5,32.95,1345856
2017-07-03,33.2,33.45,33.09,33.31,616534
2017-07-05,33.29,33.47,32.39,32.46,2088106
2017-07-06,32.38,32.5,31.33,31.38,1865453
2017-07-07,31.39,32.29,31.17,31.5,2105019
2017-07-10,31.47,31.8,31.4,31.75,1197225
2017-07-11,31.77,32.07,31.67,31.95,967852
2017-07-12,32.12,32.39,31.97,32.1,1203028
2017-07-13,32.17,32.34,32.07,32.33,1564679
2017-07-14,32.38,32.72,32.29,32.55,1471000
2017-07-17,32.55,33.28,32.54,33.21,1145082
2017-07-18,33.15,33.16,32.79,33.04,1161652
2017-07-19,33.06,33.45,32.91,33.4,1042989
2017-07-20,33.5,33.66,33.1,33.43,1724782
2017-07-21,33.29,33.59,33.28,33.5,1853403
2017-07-24,33.5,33.5,33.0,33.02,1173621
2017-07-25,32.96,33.0,32.12,32.9,1715715
2017-07-26,32.9,32.99,32.65,32.84,1248708
2017-07-27,33.0,33.93,32.51,33.91,2467282
2017-07-28,33.86,34.6,33.68,34.53,2165981
2017-07-31,34.57,34.66,34.36,34.58,1003311
2017-08-01,34.74,34.75,34.17,34.25,1148093
2017-08-02,34.08,34.27,33.93,34.16,1083337
2017-08-03,34.09,34.5,33.99,34.1,567309
2017-08-04,34.24,34.24,33.99,34.16,522725
2017-08-07,34.2,34.56,34.11,34.49,709305
2017-08-08,34.5,34.59,34.21,34.32,1641779
2017-08-09,34.19,34.52,34.06,34.46,1112939
2017-08-10,34.35,34.47,33.73,33.75,793695
2017-08-11,33.88,34.04,33.74,33.81,1002367
2017-08-14,34.01,34.07,33.71,33.77,944392
2017-08-15,33.75,33.84,33.44,33.69,806839
2017-08-16,33.84,34.62,33.84,34.52,988075
2017-08-17,34.37,34.63,34.08,34.08,1423479
2017-08-18,34.06,34.53,33.82,34.07,1193084
2017-08-21,33.99,34.17,33.83,34.05,973858
2017-08-22,34.08,34.4,34.0,34.31,1025350
2017-08-23,34.15,34.26,33.93,34.14,1341329
2017-08-24,34.26,34.39,33.89,33.95,892706
2017-08-25,34.01,34.35,34.01,34.3,808138
2017-08-28,34.35,34.45,34.03,34.25,714395
2017-08-29,34.02,34.27,33.9,33.93,615229
2017-08-30,33.92,34.3,33.86,34.28,612097
2017-08-31,34.34,34.69,34.34,34.65,1156235
2017-09-01,34.73,34.99,34.65,34.72,700105
2017-09-05,34.63,34.92,34.62,34.88,793097
2017-09-06,34.95,35.02,34.79,34.82,800424
2017-09-07,35.02,35.02,34.64,34.74,685781
2017-09-08,34.76,34.87,34.56,34.81,509068
2017-09-11,34.96,35.43,34.92,35.38,1121576
2017-09-12,35.45,35.87,35.38,35.61,963930
2017-09-13,35.56,35.67,35.41,35.54,602038
2017-09-14,35.41,35.63,35.3,35.63,649039
2017-09-15,35.58,35.62,35.22,35.34,954827
2017-09-18,35.47,35.5,35.17,35.24,920620
2017-09-19,35.34,35.38,34.71,34.73,856001
2017-09-20,34.76,35.21,34.7,35.12,966164
2017-09-21,35.07,35.08,34.45,34.59,1058737
2017-09-22,34.61,34.97,34.48,34.9,736383
2017-09-25,34.88,35.25,34.84,35.09,908121
2017-09-26,34.99,35.45,34.98,35.0,974923
2017-09-27,35.11,35.88,35.06,35.69,1077568
2017-09-28,35.59,35.79,35.03,35.75,729514
2017-09-29,35.79,36.06,35.61,35.99,745512
2017-10-02,36.08,36.33,35.82,36.28,1142029
2017-10-03,36.44,36.7,36.29,36.42,684538
2017-10-04,36.38,36.77,36.38,36.77,621712
2017-10-05,36.86,36.89,36.62,36.79,874265
2017-10-06,36.68,36.99,36.68,36.87,557587
2017-10-09,36.86,36.98,36.54,36.63,624525
2017-10-10,36.64,36.86,36.59,36.76,834521
2017-10-11,36.77,37.02,36.68,36.96,596757
2017-10-12,36.88,37.19,36.59,37.18,988504
2017-10-13,37.67,37.68,37.23,37.28,1012697
2017-10-16,37.43,37.6,37.12,37.46,1070051
2017-10-17,37.41,37.53,37.25,37.41,461244
2017-10-18,37.5,37.7,37.38,37.54,1446539
2017-10-19,37.32,37.47,36.86,37.24,648186
2017-10-20,37.42,37.44,37.23,37.33,437260
2017-10-23,37.38,37.47,37.02,37.07,598800
2017-10-24,37.26,37.38,36.99,37.09,727910
2017-10-25,36.88,37.01,36.32,36.54,1277152
2017-10-26,36.58,37.41,35.78,37.1,2591497
2017-10-27,37.2,37.29,36.16,36.73,1014704
2017-10-30,36.61,36.67,36.26,36.51,706663
2017-10-31,36.55,37.73,36.41,37.7,2106196
2017-11-01,37.88,38.16,37.27,37.42,3059969
2017-11-02,37.54,38.07,37.34,37.74,1139659
2017-11-03,36.61,37.91,36.61,37.71,988610
2017-11-06,37.66,37.91,37.47,37.61,879877
2017-11-07,37.99,37.99,36.94,36.97,834815
2017-11-08,36.97,37.08,36.68,36.91,902703
2017-11-09,36.76,36.97,36.49,36.92,725579
2017-11-10,36.77,37.2,36.64,37.17,522469
2017-11-13,37.02,37.25,36.85,37.21,913274
2017-11-14,37.05,37.48,36.89,37.45,568493
2017-11-15,37.32,37.49,37.01,37.16,532259
2017-11-16,37.24,37.74,37.22,37.68,632811
2017-11-17,37.59,37.97,37.5,37.75,793830
2017-11-20,37.82,37.95,37.7,37.79,411907
2017-11-21,37.93,38.01,37.5,37.75,929631
2017-11-22,37.76,38.17,37.72,38.14,563968
2017-11-24,38.34,38.49,37.89,38.04,276777
2017-11-27,38.17,38.49,38.0,38.38,457856
2017-11-28,38.37,39.03,38.37,38.94,647090
2017-11-29,39.0,39.58,38.88,39.5,1261108
2017-11-30,39.61,39.63,38.87,39.43,1158399
2017-12-01,39.53,39.94,38.85,39.32,1391894
2017-12-04,39.47,39.69,39.25,39.28,856325
2017-12-05,39.58,39.67,38.96,39.26,872159
2017-12-06,39.2,39.46,39.08,39.31,843028
2017-12-07,39.35,39.77,39.21,39.77,1055341
2017-12-08,39.83,40.26,39.71,40.24,1451036
2017-12-11,40.31,41.25,40.21,40.34,2231510
2017-12-12,40.79,41.42,40.44,40.6,2170370
2017-12-13,40.53,40.7,39.82,40.09,2340575
2017-12-14,40.08,40.08,39.28,39.32,897566
2017-12-15,39.46,40.02,39.24,39.51,1637151
2017-12-18,39.86,40.98,39.7,40.4,1393790
2017-12-19,40.54,40.9,40.43,40.79,947466
2017-12-20,41.03,41.42,40.7,40.75,1145822
2017-12-21,40.92,41.24,40.84,40.91,764589
2017-12-22,40.94,40.98,40.58,40.82,349838
2017-12-26,40.84,41.09,40.72,40.8,292125
2017-12-27,40.82,40.95,40.52,40.89,614422
2017-12-28,40.87,41.21,40.48,41.2,930065
2017-12-29,41.21,41.38,40.63,40.68,718965
2018-01-02,41.04,41.47,40.85,41.37,1121203
2018-01-03,41.24,41.67,41.18,41.56,724808
2018-01-04,41.75,42.18,41.75,42.07,1012806
2018-01-05,41.36,42.32,41.36,42.01,708192
2018-01-08,42.06,42.23,41.84,41.85,579154
2018-01-09,41.99,42.29,41.8,41.99,612588
2018-01-10,41.97,42.59,41.95,42.23,1161362
2018-01-11,43.43,43.43,42.2,42.99,843660
2018-01-12,43.16,43.65,42.81,43.46,693458
2018-01-16,43.59,43.75,43.02,43.19,681901
2018-01-17,43.48,43.7,43.09,43.21,1017713
2018-01-18,43.15,43.25,42.62,42.71,824362
2018-01-19,42.99,43.22,42.74,42.95,1126541
2018-01-22,43.05,43.05,42.4,42.86,754648
2018-01-23,42.69,43.25,42.63,43.13,698141
2018-01-24,43.27,43.58,42.84,42.87,850759
2018-01-25,42.88,42.88,42.28,42.56,1149917
2018-01-26,42.7,42.86,42.5,42.83,699772
2018-01-29,43.52,43.86,42.62,42.71,916649
2018-01-30,42.53,42.56,40.41,42.18,1085981
2018-01-31,42.19,42.37,41.61,42.04,1168013
2018-02-01,41.73,42.11,41.37,41.81,583444
2018-02-02,41.54,41.93,40.9,40.94,1057635
2018-02-05,40.73,41.27,39.44,39.47,1688968
2018-02-06,38.6,40.57,38.16,40.55,2009429
2018-02-07,40.31,41.02,40.07,40.36,911311
2018-02-08,40.28,40.3,38.83,38.85,1051326
2018-02-09,39.41,39.41,37.46,38.92,1411561
2018-02-12,39.74,40.36,39.36,40.17,1894577
2018-02-13,39.96,40.55,39.65,40.53,1712472
2018-02-14,40.33,41.46,39.0,41.44,1424303
2018-02-15,41.75,41.98,41.51,41.79,1587671
2018-02-16,41.67,42.49,41.08,41.78,1352709
2018-02-20,41.48,42.14,41.27,41.46,1246545
2018-02-21,41.61,42.28,41.43,41.57,1777731
2018-02-22,41.05,41.6,39.61,40.05,2796804
2018-02-23,40.49,40.87,39.86,40.1,1946998
2018-02-26,40.42,40.86,39.97,40.45,2516237
2018-02-27,40.45,40.5,39.32,39.33,1643972
2018-02-28,39.52,40.2,39.47,39.49,1865275
2018-03-01,39.47,39.8,38.88,39.36,1454892
2018-03-02,39.01,39.29,38.56,39.0,1821824
2018-03-05,38.79,39.04,38.46,38.91,1676325
2018-03-06,39.0,39.63,38.9,39.54,1539693
2018-03-07,39.19,39.33,38.84,39.0,1292179
2018-03-08,39.1,39.19,38.72,38.8,1659405
2018-03-09,38.94,39.75,38.92,39.63,2116833
2018-03-12,39.68,39.7,39.26,39.34,1362866
2018-03-13,39.55,39.84,39.36,39.42,805586
2018-03-14,39.5,39.5,38.95,39.04,612970
2018-03-15,39.03,39.25,38.92,39.05,472201
2018-03-16,39.06,39.68,39.03,39.55,1279664
2018-03-19,39.51,39.55,38.9,39.26,1032189
2018-03-20,39.37,39.69,39.21,39.4,688524
2018-03-21,39.4,39.81,39.24,39.51,560268
2018-03-22,39.12,39.26,37.87,37.92,1364138
2018-03-23,38.0,38.15,37.07,37.17,1333608
2018-03-26,37.65,37.96,37.03,37.86,1489126
2018-03-27,37.93,38.36,37.39,37.6,1719082
2018-03-28,37.69,38.02,37.42,37.5,997013
2018-03-29,37.75,38.25,37.28,37.95,1416824
2018-04-02,37.83,37.88,36.61,37.14,912699
2018-04-03,37.33,37.96,37.33,37.79,1836961
2018-04-04,37.38,38.44,37.02,38.22,1447435
2018-04-05,38.51,38.9,38.09,38.73,940583
2018-04-06,38.51,38.83,37.82,38.17,803644
2018-04-09,38.39,38.53,38.08,38.12,752627
2018-04-10,38.59,38.59,38.1,38.13,1329197
2018-04-11,37.86,38.19,37.72,38.05,908432
2018-04-12,38.22,38.51,37.97,38.27,938385
2018-04-13,38.45,38.96,38.09,38.21,935793
2018-04-16,38.54,38.97,38.41,38.62,859595
2018-04-17,38.63,39.07,38.46,39.03,1097059
2018-04-18,39.0,39.37,38.61,39.23,546183
2018-04-19,39.27,39.51,38.51,38.63,864630
2018-04-20,38.82,38.89,38.24,38.25,1180566
2018-04-23,38.26,38.54,38.06,38.35,1940669
2018-04-24,38.59,38.64,37.33,37.5,1573682
2018-04-25,37.37,37.88,37.2,37.59,1838167
2018-04-26,33.0,33.0,29.6,30.43,14347658
2018-04-27,31.01,32.57,30.89,31.65,8854637
2018-04-30,31.53,31.79,30.83,31.02,3487362
2018-05-01,30.99,31.02,29.86,30.26,5069165
2018-05-02,30.19,30.5,30.09,30.28,3726173
2018-05-03,30.15,30.34,29.7,30.24,2975802
2018-05-04,30.23,30.23,29.9,30.15,2364591
2018-05-07,30.32,30.76,30.13,30.64,2376948
2018-05-08,30.56,30.71,30.38,30.54,2889082
2018-05-09,30.53,30.72,30.1,30.21,1402351
2018-05-10,30.29,30.67,30.12,30.28,1563552
2018-05-11,30.25,30.44,30.02,30.29,1521568
2018-05-14,30.41,30.81,30.34,30.59,1661438
2018-05-15,30.39,30.54,30.24,30.33,1380890
2018-05-16,30.41,30.82,30.24,30.64,1551144
2018-05-17,30.5,30.65,30.38,30.55,1011360
2018-05-18,30.4,30.58,30.34,30.47,1413896
2018-05-21,30.67,30.88,30.52,30.76,1257380
2018-05-22,30.78,30.99,30.14,30.15,1007913
2018-05-23,30.08,30.11,29.65,29.77,1904059
2018-05-24,29.81,30.22,29.71,30.07,2703103
2018-05-25,30.14,30.79,30.13,30.77,1811301
2018-05-29,30.5,31.11,30.21,30.58,2364014
2018-05-30,31.12,31.58,30.72,31.22,2820694
2018-05-31,31.22,31.99,31.04,31.77,3760400
2018-06-01,31.95,32.71,31.87,31.94,2762971
2018-06-04,31.87,32.52,31.87,32.5,2466104
2018-06-05,32.51,32.79,32.17,32.49,2324980
2018-06-06,32.66,32.81,32.3,32.66,1653858
2018-06-07,32.67,32.79,32.37,32.57,1719072
2018-06-08,32.6,32.75,32.36,32.59,1151732
2018-06-11,32.64,32.98,32.64,32.71,1017845
2018-06-12,32.73,32.89,32.59,32.75,1344124
2018-06-13,32.83,33.19,32.63,32.81,1751590
2018-06-14,32.91,33.33,32.7,33.16,1322520
2018-06-15,32.98,33.46,32.91,33.45,2882736
2018-06-18,33.22,33.46,33.04,33.05,1683791
2018-06-19,32.85,32.98,32.73,32.83,2200798
2018-06-20,32.9,32.96,32.72,32.76,2447976
2018-06-21,32.75,32.75,32.11,32.22,1357080
2018-06-22,32.3,33.04,32.17,32.85,2699618
2018-06-25,32.85,32.87,32.19,32.37,1335786
2018-06-26,32.47,32.75,32.02,32.1,1444389
2018-06-27,32.12,32.5,31.68,31.69,1779690
2018-06-28,31.68,31.85,31.37,31.79,999068
2018-06-29,31.87,32.22,31.78,31.91,1304478
2018-07-02,31.82,31.84,31.25,31.75,1519707
2018-07-03,31.86,32.08,31.69,31.76,908425
2018-07-05,31.93,32.17,31.63,32.13,1226388
2018-07-06,32.13,33.88,32.0,32.53,1034561
2018-07-09,32.64,33.12,32.61,33.1,1262678
2018-07-10,33.13,33.26,32.71,33.18,2417010
2018-07-11,32.98,32.98,32.53,32.58,948186
2018-07-12,32.59,32.86,32.46,32.81,1085759
2018-07-13,32.85,33.51,32.76,33.46,2007058
2018-07-16,33.45,33.62,33.21,33.35,1435699
2018-07-17,33.18,33.7,33.05,33.67,1115300
2018-07-18,33.65,33.86,33.6,33.7,924117
2018-07-19,33.58,34.28,33.53,34.2,1441658
2018-07-20,34.11,34.11,33.7,33.78,1589434
2018-07-23,33.82,34.3,33.76,34.22,1389466
2018-07-24,34.28,34.41,33.55,33.67,1210306
2018-07-25,33.69,33.85,32.94,33.69,3304871
2018-07-26,34.99,36.1,34.03,34.84,5064198
2018-07-27,34.95,35.12,33.81,33.97,2762043
2018-07-30,33.84,33.93,33.41,33.54,1884643
2018-07-31,33.66,33.88,33.38,33.53,2107555
2018-08-01,33.52,33.63,33.02,33.22,2894583
2018-08-02,33.03,33.45,32.7,33.21,3145587
2018-08-03,33.34,33.73,32.92,33.44,2054670
2018-08-06,33.38,33.7,33.07,33.09,1418736
2018-08-07,33.22,34.46,33.14,34.37,2095237
2018-08-08,34.36,34.38,33.81,33.95,1308949
2018-08-09,33.9,34.13,33.9,33.98,1494249
2018-08-10,33.84,33.97,33.55,33.75,1167298
2018-08-13,33.74,33.74,32.98,33.19,2004398
2018-08-14,33.37,33.76,33.04,33.44,2487552
2018-08-15,33.28,33.39,32.87,33.18,2428574
2018-08-16,33.37,33.68,33.13,33.21,1145046
2018-08-17,33.25,33.34,32.94,33.16,1309844
2018-08-20,33.12,33.38,33.04,33.23,1889914
2018-08-21,33.26,33.55,33.14,33.42,2174471
2018-08-22,33.35,33.47,32.9,32.94,1099378
2018-08-23,32.97,33.2,32.64,33.2,1633813
2018-08-24,33.38,33.76,33.07,33.62,1261653
2018-08-27,33.61,34.16,33.5,34.07,2004701
2018-08-28,34.06,34.21,33.96,34.13,1138761
2018-08-29,34.23,34.72,34.19,34.69,1717325
2018-08-30,34.6,34.74,34.11,34.34,1710107
2018-08-31,34.36,34.57,34.3,34.53,1118165
2018-09-04,34.32,34.48,34.11,34.31,1986527
2018-09-05,34.19,34.33,33.85,34.01,2054057
2018-09-06,34.55,34.55,33.59,33.72,985835
2018-09-07,33.58,33.72,33.14,33.29,972091
2018-09-10,33.52,33.53,33.09,33.22,1321693
2018-09-11,33.25,33.52,32.99,33.27,1866215
2018-09-12,33.19,33.23,32.86,32.92,1564324
2018-09-13,33.09,33.22,32.76,33.01,1680430
2018-09-14,33.06,33.11,32.51,32.77,2131211
2018-09-17,32.64,32.77,31.99,32.04,2200563
2018-09-18,32.12,32.4,31.81,32.28,2416177
2018-09-19,32.27,32.6,32.26,32.43,1520332
2018-09-20,32.4,33.14,32.0,33.03,2941848
2018-09-21,33.16,33.22,32.35,32.41,2147148
2018-09-24,32.27,32.31,31.37,31.72,2099047
2018-09-25,31.73,31.9,31.43,31.89,1906308
2018-09-26,32.03,32.24,31.75,31.84,1597806
2018-09-27,31.82,31.98,31.54,31.73,1489871
2018-09-28,31.63,31.97,31.41,31.68,1802214
2018-10-01,31.9,31.96,31.49,31.61,1875985
2018-10-02,31.52,31.64,31.21,31.29,1913787
2018-10-03,31.42,31.54,30.99,31.01,1516610
2018-10-04,30.93,30.93,30.26,30.34,1963663
2018-10-05,30.39,30.39,29.88,30.03,2944950
2018-10-08,30.01,30.43,29.91,30.2,1591351
2018-10-09,30.18,30.41,29.68,29.74,2106552
2018-10-10,29.52,29.75,28.3,28.59,5023151
2018-10-11,28.56,29.35,28.17,28.32,4957410
2018-10-12,28.78,28.89,28.22,28.53,2639097
2018-10-15,28.43,28.79,28.37,28.54,1396550
2018-10-16,28.68,29.49,28.49,29.42,2295330
2018-10-17,29.32,29.6,28.57,28.62,3210655
2018-10-18,28.56,28.78,27.94,28.0,3273046
2018-10-19,28.1,28.44,27.7,27.76,1414105
2018-10-22,27.89,28.0,27.33,27.35,1583981
2018-10-23,26.88,27.17,26.32,26.99,2706252
2018-10-24,26.88,27.08,25.63,25.68,3424994
2018-10-25,25.74,27.1,25.35,26.61,6109406
2018-10-26,26.21,26.84,26.08,26.37,4851490
2018-10-29,26.9,27.48,26.28,26.62,4082877
2018-10-30,26.6,26.96,26.23,26.67,3381265
2018-10-31,26.94,27.57,26.81,27.27,4649373
2018-11-01,27.36,27.93,27.29,27.66,3632740
2018-11-02,27.92,28.16,27.61,27.77,1830430
2018-11-05,27.77,28.11,27.68,27.75,1318671
2018-11-06,27.86,28.06,27.57,27.87,1716172
2018-11-07,28.04,28.47,27.73,28.39,2571569
2018-11-08,28.22,28.82,28.22,28.67,3465589
2018-11-09,28.55,28.81,27.56,27.72,2021333
2018-11-12,27.69,27.8,27.19,27.24,2608422
2018-11-13,27.26,27.78,27.02,27.05,2381376
2018-11-14,27.42,28.06,27.42,27.7,2811587
2018-11-15,27.58,28.01,27.09,27.8,2648496
2018-11-16,27.66,28.61,27.6,28.39,3400221
2018-11-19,28.39,28.5,27.45,27.48,1626415
2018-11-20,27.1,27.56,26.81,26.94,3162508
2018-11-21,27.13,27.6,27.03,27.28,1475579
2018-11-23,27.1,27.48,27.08,27.34,468429
2018-11-26,27.64,27.82,27.34,27.78,1595533
2018-11-27,27.7,27.88,27.41,27.64,1872662
2018-11-28,27.72,28.04,27.14,28.03,3076322
2018-11-29,27.92,28.14,27.72,27.79,1754070
2018-11-30,27.83,27.99,27.52,27.85,1809875
2018-12-03,28.49,28.63,27.94,28.28,2175399
2018-12-04,28.23,28.26,26.64,26.66,1842802
2018-12-06,26.33,26.46,25.67,26.37,2797716
2018-12-07,26.26,26.79,25.58,25.63,2096373
2018-12-10,25.7,26.1,25.06,25.63,2035027
2018-12-11,26.0,26.13,25.18,25.3,2374385
2018-12-12,25.6,26.22,25.45,25.84,3980005
2018-12-13,25.96,26.11,25.19,25.23,1695751
2018-12-14,25.02,25.32,24.46,24.59,1828232
2018-12-17,24.85,25.01,24.23,24.54,2747286
2018-12-18,24.78,25.08,24.24,24.54,2282051
2018-12-19,24.59,25.34,24.01,24.32,3365122
2018-12-20,24.28,24.3,23.46,23.85,3219499
2018-12-21,23.86,24.25,23.54,23.57,4205333
2018-12-24,23.45,24.07,23.14,23.9,2592400
2018-12-26,24.07,24.76,23.73,24.75,3399875
2018-12-27,24.3,24.5,23.18,24.09,2884620
2018-12-28,24.24,24.35,23.78,23.96,2318410
2018-12-31,24.12,24.25,23.31,23.73,2429369
2019-01-02,23.4,24.01,23.11,23.71,3157709
2019-01-03,23.64,23.71,22.74,22.9,4401450
2019-01-04,23.28,24.2,23.16,23.84,2575767
2019-01-07,23.74,24.39,23.65,24.19,2731833
2019-01-08,24.48,24.83,24.28,24.82,2760609
2019-01-09,25.04,25.8,24.84,25.77,3047024
2019-01-10,25.47,26.21,25.13,26.2,3964081
2019-01-11,26.01,26.47,25.73,26.33,3225619
2019-01-14,26.15,26.82,26.03,26.66,2517486
2019-01-15,26.7,26.86,26.41,26.66,2692399
2019-01-16,26.65,26.96,26.47,26.82,1805169
2019-01-17,26.71,27.28,26.59,26.89,2519528
2019-01-18,26.34,26.55,25.59,26.24,4780034
2019-01-22,26.06,26.26,25.74,25.91,2254368
2019-01-23,26.05,26.22,25.44,25.82,2913747
2019-01-24,25.75,26.27,25.75,26.26,3271817
2019-01-25,26.5,26.59,26.02,26.06,1463271
2019-01-28,25.88,26.32,25.7,26.3,2022171
2019-01-29,26.3,26.42,25.99,26.26,1401528
2019-01-30,26.45,26.65,26.02,26.57,1529976
2019-01-31,26.59,26.67,26.09,26.21,1284914
2019-02-01,26.17,26.51,25.98,26.41,1827282
2019-02-04,26.43,27.17,26.18,27.17,2492950
2019-02-05,27.19,27.46,26.95,27.18,1766901
2019-02-06,27.22,27.28,26.95,27.02,1797442
2019-02-07,26.94,27.0,26.17,26.25,1072465
2019-02-08,26.21,26.37,25.97,26.24,1289556
2019-02-11,26.36,26.47,26.14,26.42,933884
2019-02-12,26.51,26.77,26.47,26.7,1915716
2019-02-13,26.84,27.0,26.52,26.75,1880736
2019-02-14,26.61,26.71,26.44,26.46,1574411
2019-02-15,26.71,27.17,26.37,27.17,2604912
2019-02-19,27.01,27.13,26.88,27.01,1592461
2019-02-20,27.06,27.18,26.83,26.99,1958314
2019-02-21,26.98,27.46,26.92,27.33,1393860
2019-02-22,27.41,27.52,27.09,27.34,1630553
2019-02-25,27.64,27.84,27.47,27.52,1709903
2019-02-26,27.53,27.66,27.25,27.26,1718044
2019-02-27,27.28,27.45,27.02,27.26,3310468
2019-02-28,27.07,28.41,25.92,27.71,5380294
2019-03-01,27.92,28.19,27.29,27.83,3409019
2019-03-04,28.45,29.0,27.65,28.1,2763041
2019-03-05,28.17,28.31,27.73,27.79,3204551
2019-03-06,28.35,28.67,27.93,28.47,3380852
2019-03-07,28.33,28.57,27.57,27.79,1889377
2019-03-08,27.54,27.64,27.24,27.34,1995779
2019-03-11,27.43,27.58,27.22,27.31,1979484
2019-03-12,27.27,27.39,26.84,26.86,2974055
2019-03-13,26.93,27.5,26.86,27.34,3842938
2019-03-14,27.31,27.92,27.15,27.88,2873890
2019-03-15,27.89,28.04,27.58,27.86,3116368
2019-03-18,27.94,28.33,27.64,28.31,1476349
2019-03-19,28.39,28.98,28.35,28.64,2019061
2019-03-20,28.66,29.01,28.3,28.7,2516475
2019-03-21,28.63,29.16,28.6,29.03,1066845
2019-03-22,28.85,28.94,28.35,28.36,1295223
2019-03-25,28.3,28.71,28.22,28.33,1260325
2019-03-26,28.44,28.59,28.08,28.32,1648350
2019-03-27,28.38,28.56,28.09,28.22,1303252
2019-03-28,28.32,28.44,28.03,28.2,1735442
2019-03-29,28.42,28.54,28.2,28.37,2459394
2019-04-01,28.63,29.24,28.63,29.21,1895239
2019-04-02,29.21,29.47,29.0,29.2,1210544
2019-04-03,29.4,29.94,29.29,29.63,1793194
2019-04-04,29.59,29.82,29.53,29.75,1930120
2019-04-05,29.88,30.07,29.76,30.06,1908326
2019-04-08,30.06,30.32,29.97,30.19,1573943
2019-04-09,30.12,30.14,29.94,30.05,1308232
2019-04-10,30.12,30.35,29.95,30.33,907008
2019-04-11,30.38,30.44,30.26,30.4,754784
2019-04-12,30.57,30.92,30.38,30.82,1072247
2019-04-15,30.88,31.08,30.63,31.04,939765
2019-04-16,31.17,31.23,30.97,31.12,1094679
2019-04-17,31.33,31.38,31.01,31.12,1296812
2019-04-18,31.15,31.15,30.6,30.78,1720883
2019-04-22,30.66,30.66,30.23,30.61,1939806
2019-04-23,30.69,31.46,30.61,31.35,2067213
2019-04-24,31.21,31.68,31.21,31.46,2281303
2019-04-25,31.1,31.1,29.29,29.65,4184272
2019-04-26,29.81,30.06,29.73,30.04,2124983
2019-04-29,30.13,30.41,29.95,30.07,3246853
2019-04-30,30.12,30.39,30.01,30.1,1935821
2019-05-01,30.09,30.18,29.59,29.61,2339780
2019-05-02,29.66,29.82,29.03,29.04,2908798
2019-05-03,29.28,29.32,28.6,28.79,2718318
2019-05-06,28.28,28.6,28.18,28.51,1545064
2019-05-07,28.27,28.48,27.72,27.98,1761367
2019-05-08,27.85,28.09,27.76,27.83,1497404
2019-05-09,27.63,27.75,27.38,27.41,2098992
2019-05-10,27.35,27.37,26.7,27.32,6546919
2019-05-13,26.83,26.99,26.52,26.78,2828734
2019-05-14,26.8,27.28,26.8,27.02,2428665
2019-05-15,26.91,27.16,26.62,27.09,2280470
2019-05-16,27.16,27.54,27.0,27.45,3812706
2019-05-17,27.25,27.49,27.07,27.09,1384456
2019-05-20,26.94,26.99,26.73,26.87,1566100
2019-05-21,26.92,27.25,26.92,27.16,953204
2019-05-22,27.09,27.26,26.89,27.01,1679301
2019-05-23,26.84,26.89,26.36,26.47,2259027
2019-05-24,26.64,26.72,26.43,26.54,2006880
2019-05-28,26.57,26.68,26.21,26.31,1678026
2019-05-29,26.19,26.28,25.93,26.05,1294908
2019-05-30,26.04,26.34,25.72,25.83,1725028
2019-05-31,25.5,25.74,25.39,25.62,1301526
2019-06-03,25.67,25.94,25.44,25.63,1544521
2019-06-04,25.93,26.47,25.85,26.38,1794462
2019-06-05,26.41,26.59,26.08,26.37,1445551
2019-06-06,26.39,26.54,25.77,25.94,2366481
2019-06-07,26.09,26.63,26.03,26.54,2002653
2019-06-10,26.67,27.09,26.65,26.74,1677571
2019-06-11,26.97,26.99,26.53,26.74,1889227
2019-06-12,26.65,26.65,26.03,26.19,2028662
2019-06-13,26.34,26.55,26.19,26.37,1635689
2019-06-14,26.33,26.39,25.98,26.24,772306
2019-06-17,26.26,26.71,26.06,26.17,679642
2019-06-18,26.29,26.61,26.26,26.33,1055341
2019-06-19,26.39,26.6,26.21,26.52,1426597
2019-06-20,26.79,26.84,26.48,26.66,959739
2019-06-21,26.65,27.16,26.51,26.62,1853395
2019-06-24,26.57,26.72,26.2,26.21,1101287
2019-06-25,26.21,26.43,26.12,26.27,1444832
2019-06-26,26.41,26.47,26.17,26.17,890950
2019-06-27,26.22,26.51,26.0,26.26,3432699
2019-06-28,26.33,26.68,26.27,26.6,2767457
2019-07-01,26.9,27.16,26.7,27.04,1595969
2019-07-02,27.09,27.15,26.51,26.56,1664402
2019-07-03,26.65,26.87,26.45,26.69,1520335
2019-07-05,26.61,26.73,26.42,26.65,1308681
2019-07-08,26.5,26.64,26.13,26.14,1403108
2019-07-09,26.05,26.19,25.72,26.03,1664269
2019-07-10,26.21,26.31,26.09,26.17,926130
2019-07-11,26.17,26.34,26.08,26.24,1151443
2019-07-12,26.39,26.87,26.31,26.81,1560063
2019-07-15,26.63,27.0,26.59,26.9,1316294
2019-07-16,26.84,27.28,26.71,27.0,1846084
2019-07-17,26.95,26.95,25.93,26.02,1802464
2019-07-18,25.92,26.2,25.57,25.67,3248396
2019-07-19,25.78,25.87,24.89,24.92,3638472
2019-07-22,24.89,25.18,24.56,25.03,2878900
2019-07-23,25.25,25.93,25.19,25.86,1882348
2019-07-24,25.76,26.34,25.76,26.25,1627312
2019-07-25,25.9,27.88,25.29,27.59,3081230
2019-07-26,27.2,28.17,27.1,27.75,2570768
2019-07-29,27.7,27.71,27.05,27.35,1759524
2019-07-30,27.24,27.3,26.6,26.92,2019863
2019-07-31,26.94,27.21,26.71,26.94,1855514
2019-08-01,26.93,27.14,25.79,26.16,2347267
2019-08-02,26.06,26.24,25.34,25.56,1160675
2019-08-05,25.11,25.34,24.77,25.08,2330011
2019-08-06,25.24,25.59,25.15,25.54,1521385
2019-08-07,25.16,25.67,24.96,25.57,2360298
2019-08-08,25.83,26.08,25.62,25.95,1342166
2019-08-09,25.88,25.88,25.28,25.45,1082046
2019-08-12,25.24,25.24,24.99,25.04,812455
2019-08-13,25.03,25.72,24.87,25.36,1438312
2019-08-14,24.94,25.16,24.57,24.76,1770006
2019-08-15,24.81,24.98,24.44,24.58,1967279
2019-08-16,24.8,25.7,24.64,25.56,1903190
2019-08-19,26.62,26.83,25.67,26.31,2096707
2019-08-20,26.14,26.33,25.92,26.08,1525479
2019-08-21,26.36,26.46,25.96,26.01,1596062
2019-08-22,26.04,26.35,25.77,25.94,2001603
2019-08-23,25.82,25.82,25.32,25.48,2723143
2019-08-26,25.82,26.01,25.19,25.41,2304525
2019-08-27,25.53,25.64,24.88,25.02,2260778
2019-08-28,24.95,25.72,24.79,25.64,1404375
2019-08-29,25.86,26.34,25.86,26.19,1232127
2019-08-30,26.42,26.69,26.22,26.27,1123829
2019-09-03,26.04,26.09,25.45,25.99,1546727
2019-09-04,26.3,26.46,26.15,26.4,1120167
2019-09-05,26.76,27.11,26.6,26.92,1581113
2019-09-06,27.0,27.23,26.82,26.9,1508406
2019-09-09,27.02,27.44,26.93,27.41,1237407
2019-09-10,27.49,29.5,27.39,28.67,3285036
2019-09-11,29.13,29.16,28.1,29.06,2240840
2019-09-12,30.68,32.84,30.61,32.55,5973851
2019-09-13,32.98,33.17,32.59,32.74,2825818
2019-09-16,32.39,32.79,31.99,32.05,2207926
2019-09-17,32.09,32.32,31.68,32.24,1679872
2019-09-18,32.28,32.3,31.75,31.97,1549121
2019-09-19,31.96,32.25,31.83,31.87,3030319
2019-09-20,32.03,32.07,31.49,31.78,2025418
2019-09-23,31.68,31.98,31.38,31.89,1679016
2019-09-24,31.95,32.08,31.37,31.62,1443023
2019-09-25,31.61,31.91,31.21,31.62,1330533
2019-09-26,31.48,31.72,31.28,31.43,1350699
2019-09-27,31.59,31.69,31.11,31.33,1299672
2019-09-30,31.35,31.55,31.22,31.43,1578905
2019-10-01,31.63,31.86,30.8,30.8,1431076
2019-10-02,30.28,30.68,29.97,30.13,1589188
2019-10-03,30.17,30.35,29.37,30.35,1515975
2019-10-04,30.2,30.55,30.06,30.5,861181
2019-10-07,30.41,30.51,30.12,30.29,731937
2019-10-08,29.95,30.23,29.84,29.87,1437461
2019-10-09,30.03,30.05,29.58,29.61,1376838
2019-10-10,29.72,30.34,29.72,30.21,1088720
2019-10-11,30.54,31.3,30.54,30.81,2401028
2019-10-14,30.79,30.84,30.6,30.75,900899
2019-10-15,31.3,31.36,30.75,31.02,665534
2019-10-16,30.91,31.21,30.91,31.18,673923
2019-10-17,31.39,31.46,30.96,31.24,1021028
2019-10-18,31.19,31.4,31.11,31.24,766365
2019-10-21,31.5,31.67,31.4,31.66,639712
2019-10-22,31.66,32.14,31.57,31.91,1164120
2019-10-23,31.8,31.96,31.63,31.91,809472
2019-10-24,32.11,32.12,31.68,31.78,802980
2019-10-25,31.64,31.76,31.58,31.63,970464
2019-10-28,31.79,31.84,31.56,31.68,968530
2019-10-29,31.63,31.78,31.45,31.61,725664
2019-10-30,31.44,31.62,31.25,31.48,1066013
2019-10-31,32.66,34.74,32.21,33.99,3925146
2019-11-01,34.59,35.16,33.77,35.15,3011285
2019-11-04,35.16,36.04,35.03,35.84,1878618
2019-11-05,35.83,36.11,35.29,35.69,1355527
2019-11-06,35.79,35.79,35.34,35.4,1002575
2019-11-07,35.59,35.84,34.98,35.09,1602283
2019-11-08,35.25,35.33,34.97,35.18,1478828
2019-11-11,34.94,35.27,34.76,35.26,2660719
2019-11-12,35.29,36.22,35.24,36.18,2299694
2019-11-13,35.98,35.98,35.07,35.2,1538321
2019-11-14,35.21,35.42,34.99,35.16,1326050
2019-11-15,35.33,35.69,35.01,35.55,1964706
2019-11-18,35.46,35.98,35.11,35.87,2085009
2019-11-19,35.89,36.01,35.01,35.21,1912890
2019-11-20,35.21,35.26,34.78,35.15,1868657
2019-11-21,35.26,35.4,34.84,34.88,1029010
2019-11-22,35.03,35.31,34.74,34.97,2119152
2019-11-25,35.25,35.51,34.97,35.37,2993680
2019-11-26,35.54,35.97,35.4,35.6,1648366
2019-11-27,35.22,35.7,35.2,35.65,899170
2019-11-29,35.5,35.73,35.09,35.28,576154
2019-12-02,35.47,35.65,34.99,35.32,2024766
2019-12-03,34.97,35.16,34.15,34.43,2425912
2019-12-04,34.44,35.32,34.44,35.01,1326005
2019-12-05,35.33,35.68,34.96,35.53,1640511
2019-12-06,35.74,35.85,35.63,35.76,979280
2019-12-09,35.86,35.95,35.39,35.61,1701317
2019-12-10,35.67,35.87,35.41,35.48,1254117
2019-12-11,35.41,35.93,35.41,35.76,1242417
2019-12-12,35.78,36.24,35.58,36.01,1991533
2019-12-13,36.01,36.38,35.72,36.11,1795341
2019-12-16,36.27,36.38,35.66,35.93,1520162
2019-12-17,35.96,36.37,35.9,36.04,1428417
2019-12-18,36.07,36.63,35.84,36.33,1803922
2019-12-19,36.45,36.45,35.65,35.74,1467745
2019-12-20,36.06,36.22,35.36,35.93,1686819
2019-12-23,36.04,36.17,35.67,35.8,677483
2019-12-24,35.78,35.93,35.7,35.89,275267
2019-12-26,35.86,35.91,35.67,35.9,325467
2019-12-27,36.01,36.01,35.59,35.88,616873
2019-12-30,35.98,36.08,35.57,35.71,690481
2019-12-31,35.57,35.76,35.45,35.71,650051
2020-01-02,35.92,36.02,35.23,35.8,1064235
2020-01-03,35.52,35.59,35.16,35.41,818567
2020-01-06,35.19,35.39,34.78,34.91,1224482
2020-01-07,34.8,34.86,34.48,34.68,1439474
2020-01-08,34.84,34.89,34.35,34.61,1531593
2020-01-09,34.81,34.85,34.48,34.63,1247318
2020-01-10,34.7,34.84,34.02,34.09,917171
2020-01-13,34.18,34.46,33.88,34.12,1450298
2020-01-14,34.1,34.56,33.87,34.32,1425709
2020-01-15,34.2,34.39,33.85,33.91,817396
2020-01-16,34.1,34.78,33.97,34.76,996059
2020-01-17,34.98,34.99,34.16,34.63,1414340
2020-01-21,34.58,34.59,33.95,34.24,994552
2020-01-22,34.3,34.4,33.92,33.95,720668
2020-01-23,33.73,34.44,33.52,34.35,858488
2020-01-24,34.27,34.31,33.54,33.61,726356
2020-01-27,33.02,33.57,32.91,33.07,672839
2020-01-28,33.19,33.53,33.02,33.42,674410
2020-01-29,33.47,33.76,33.37,33.48,464199
2020-01-30,33.23,33.65,33.0,33.64,642027
2020-01-31,33.53,33.59,32.56,32.72,931224
2020-02-03,33.1,33.44,32.47,32.57,1031225
2020-02-04,33.07,33.58,32.98,33.24,823280
2020-02-05,33.56,34.14,33.48,34.04,1169938
2020-02-06,34.25,34.25,33.18,33.23,981145
2020-02-07,33.05,33.11,32.77,32.91,783102
2020-02-10,32.89,33.25,32.7,33.21,908645
2020-02-11,33.26,33.85,33.15,33.58,600620
2020-02-12,33.63,33.91,33.46,33.78,607616
2020-02-13,33.54,33.94,33.49,33.87,437272
2020-02-14,33.87,33.91,33.12,33.19,798030
2020-02-18,33.2,33.51,32.99,33.24,1237564
2020-02-19,33.34,34.22,33.34,33.99,1724254
2020-02-20,33.01,34.19,32.2,34.03,3467633
2020-02-21,34.04,34.04,32.68,33.05,2910411
2020-02-24,32.29,32.66,32.04,32.32,1835319
2020-02-25,32.25,32.63,31.25,31.31,2004990
2020-02-26,31.54,32.04,30.57,30.6,1927232
2020-02-27,30.3,31.0,29.66,29.7,1994526
2020-02-28,28.88,29.64,28.61,29.37,2360363
2020-03-02,29.57,29.87,28.9,29.87,2288959
2020-03-03,29.75,30.15,28.43,28.68,3180858
2020-03-04,29.25,29.78,28.64,29.68,1809433
2020-03-05,28.72,28.88,27.67,28.25,3281564
2020-03-06,27.25,28.16,27.16,27.57,3281686
2020-03-09,26.08,26.93,25.61,25.87,3154736
2020-03-10,26.61,27.61,25.86,27.59,3073627
2020-03-11,26.85,27.19,26.28,26.81,2437522
2020-03-12,25.44,26.15,23.79,23.83,2950304
2020-03-13,24.97,25.56,23.31,24.87,2396435
2020-03-16,23.0,23.66,20.23,20.37,2386434
2020-03-17,20.83,21.57,19.33,19.81,3473694
2020-03-18,18.52,18.62,14.0,15.89,5094417
2020-03-19,15.63,17.85,14.62,17.37,4641066
2020-03-20,17.53,18.2,15.74,16.29,3988296
2020-03-23,16.17,16.17,13.31,13.9,2924834
2020-03-24,14.84,17.34,14.83,16.96,3195553
2020-03-25,17.24,20.19,17.09,19.99,3802425
2020-03-26,20.04,22.51,20.02,22.26,4193032
2020-03-27,20.93,21.78,20.3,21.36,3243164
2020-03-30,21.57,21.75,20.2,21.0,2046085
2020-03-31,20.92,21.45,20.29,20.49,2153923
2020-04-01,19.34,19.79,18.62,19.12,2144966
2020-04-02,18.93,19.64,17.9,18.48,2203719
2020-04-03,18.62,18.8,17.09,17.33,1707939
2020-04-06,18.44,20.1,18.44,20.05,2395064
2020-04-07,21.62,22.36,20.78,20.94,1830490
2020-04-08,21.33,22.21,20.99,21.99,1228245
2020-04-09,22.66,23.5,22.17,22.52,1971304
2020-04-13,22.41,22.44,20.88,21.34,2142733
2020-04-14,21.35,22.05,21.01,21.44,3265410
2020-04-15,20.41,20.66,19.75,20.4,1666801
2020-04-16,20.35,20.77,19.72,19.84,1501523
2020-04-17,20.5,21.57,20.28,20.94,1993093
2020-04-20,20.43,20.77,19.88,20.35,2025248
2020-04-21,19.58,20.13,19.43,19.92,1443602
2020-04-22,20.47,20.48,19.85,20.15,1844169
2020-04-23,20.35,21.13,20.35,20.46,1050222
2020-04-24,20.68,21.75,20.62,21.33,1393225
2020-04-27,21.44,22.99,21.44,22.78,1966986
2020-04-28,23.55,24.56,23.42,23.99,2154915
2020-04-29,24.69,25.56,24.5,25.33,2005823
2020-04-30,27.11,27.5,25.41,26.16,4763448
2020-05-01,25.4,25.61,24.46,24.83,3072783
2020-05-04,24.42,24.9,24.07,24.62,2322113
2020-05-05,25.14,25.6,24.71,24.98,2101629
2020-05-06,24.94,25.32,23.95,23.99,3260343
2020-05-07,24.41,25.56,24.41,25.21,2424116
2020-05-08,25.72,26.39,25.72,26.29,1543578
2020-05-11,25.96,26.15,25.01,25.39,1482047
2020-05-12,25.43,25.74,24.24,24.24,1071057
2020-05-13,23.96,23.96,22.37,22.67,1604898
2020-05-14,22.13,23.56,21.42,23.53,1565285
2020-05-15,23.42,23.78,22.97,23.62,862287
2020-05-18,24.71,26.04,24.71,25.78,1553835
2020-05-19,25.63,25.94,24.88,24.92,1544952
2020-05-20,25.29,26.0,25.28,25.52,1350884
2020-05-21,25.23,25.98,25.16,25.52,1374438
2020-05-22,25.45,25.55,24.93,25.34,708360
2020-05-26,26.52,27.17,25.89,27.06,1815574
2020-05-27,27.4,28.55,27.4,28.38,2005338
2020-05-28,29.13,29.35,27.62,27.71,2094432
2020-05-29,27.47,27.84,27.02,27.46,1910873
2020-06-01,27.53,28.16,27.44,28.05,1032615
2020-06-02,28.54,28.78,28.0,28.23,1455485
2020-06-03,28.65,30.31,28.25,30.16,1754882
2020-06-04,29.74,30.6,29.22,30.45,1733542
2020-06-05,31.43,32.17,30.1,30.29,1669700
2020-06-08,29.79,31.14,29.29,29.65,2944624
2020-06-09,28.97,29.41,28.48,28.49,1721831
2020-06-10,28.46,28.69,27.27,27.47,2189720
2020-06-11,26.47,26.62,25.53,26.29,4807969
2020-06-12,27.56,27.65,25.39,25.88,1909834
2020-06-15,24.77,27.4,24.0,27.15,2679917
2020-06-16,28.37,28.49,27.06,27.91,1791976
2020-06-17,27.79,27.92,26.64,26.9,1940244
2020-06-18,26.31,26.83,25.9,25.99,2983123
2020-06-19,26.54,26.94,25.82,25.93,1841787
2020-06-22,25.69,26.26,25.16,26.13,2044680
2020-06-23,26.65,27.08,25.96,26.46,1240650
2020-06-24,25.98,26.01,24.72,24.77,1601697
2020-06-25,24.59,25.24,24.35,25.2,1437627
2020-06-26,25.16,25.28,24.69,24.77,1702628
2020-06-29,25.25,25.94,24.81,25.83,1234069
2020-06-30,25.8,26.38,25.45,26.19,1246340
2020-07-01,26.15,26.28,24.96,25.09,2131760
2020-07-02,25.83,26.61,25.25,25.9,1544853
2020-07-06,26.49,26.59,25.6,25.93,753267
2020-07-07,25.62,25.95,25.51,25.6,966676
2020-07-08,25.75,26.0,25.36,25.7,1347094
2020-07-09,25.83,25.88,24.99,25.45,1224938
2020-07-10,25.52,25.84,25.38,25.66,985772
2020-07-13,25.85,26.49,25.54,25.7,919159
2020-07-14,25.43,26.02,25.26,26.01,1505794
2020-07-15,26.81,28.71,26.31,28.48,3038111
2020-07-16,28.18,28.63,28.03,28.45,1934212
2020-07-17,28.42,28.78,27.95,28.49,2379449
2020-07-20,28.36,28.36,27.51,27.64,1039264
2020-07-21,27.71,28.4,27.71,27.97,939091
2020-07-22,27.94,28.71,27.75,28.52,1196500
2020-07-23,28.87,28.87,27.95,28.18,1895479
2020-07-24,28.12,28.39,27.76,27.97,1735704
2020-07-27,28.02,28.26,27.28,27.73,1958708
2020-07-28,27.46,27.75,27.32,27.41,1544321
2020-07-29,27.5,28.43,27.43,28.38,1933825
2020-07-30,28.18,29.64,27.44,29.22,3801583
2020-07-31,29.32,29.35,27.66,28.2,2042157
2020-08-03,28.17,28.8,27.88,28.67,2375218
2020-08-04,28.78,29.1,28.64,28.81,1599452
2020-08-05,28.91,30.16,28.73,30.01,2565811
2020-08-06,29.78,30.22,29.51,30.06,2565112
2020-08-07,29.9,30.2,29.73,30.15,1489487
2020-08-10,30.22,30.92,30.18,30.78,1087512
2020-08-11,31.05,31.8,31.05,31.48,2652575
2020-08-12,32.0,32.7,31.44,32.3,4454227
2020-08-13,32.07,32.27,31.16,31.33,1596343
2020-08-14,31.21,31.72,30.88,31.5,940339
2020-08-17,31.63,31.79,31.23,31.33,1227872
2020-08-18,31.36,31.48,31.01,31.04,1322922
2020-08-19,31.1,31.59,30.8,31.36,1159028
2020-08-20,30.98,31.21,30.83,30.94,1099534
2020-08-21,30.91,31.01,30.58,30.95,1546223
2020-08-24,31.29,31.69,30.92,31.67,800589
2020-08-25,31.84,31.97,31.19,31.75,1899797
2020-08-26,31.63,31.97,31.56,31.86,1166904
2020-08-27,31.98,32.27,31.72,31.76,1683474
2020-08-28,31.84,32.64,31.7,32.63,1379998
2020-08-31,32.44,32.56,31.64,31.71,1526867
2020-09-01,31.48,31.85,31.12,31.84,1657624
2020-09-02,32.05,33.25,31.96,33.21,1854981
2020-09-03,33.29,33.42,31.41,31.61,1623752
2020-09-04,32.05,32.19,31.15,31.79,1431908
2020-09-08,31.95,32.78,31.28,32.14,2842785
2020-09-09,32.39,32.53,31.68,31.74,2642962
2020-09-10,31.46,32.19,30.99,31.29,3027827
2020-09-11,32.33,32.7,31.8,32.16,1938095
2020-09-14,32.37,32.62,31.77,32.34,2064539
2020-09-15,32.33,32.53,31.64,31.83,2487951
2020-09-16,32.13,32.13,31.42,31.65,2201458
2020-09-17,31.16,31.66,30.79,31.61,1532436
2020-09-18,31.48,32.14,30.88,31.02,1872821
2020-09-21,30.15,30.29,28.72,28.92,1877899
2020-09-22,29.2,29.41,28.17,28.47,2670937
2020-09-23,28.31,28.85,27.87,27.89,3032248
2020-09-24,27.73,28.01,27.06,27.21,1909758
2020-09-25,26.9,27.31,26.72,27.08,2969975
2020-09-28,27.74,28.5,27.6,28.27,1364153
2020-09-29,28.13,28.26,27.62,27.65,1259371
2020-09-30,27.8,28.07,27.46,27.73,2222407
2020-10-01,28.09,28.34,27.58,28.0,1458159
2020-10-02,27.37,28.68,27.28,28.51,1195777
2020-10-05,28.79,29.64,28.59,29.51,1182400
2020-10-06,29.61,30.48,29.4,29.46,1806840
2020-10-07,29.82,30.65,29.82,30.32,1056531
2020-10-08,30.61,30.78,30.12,30.71,1031029
2020-10-09,31.22,31.25,30.5,30.52,1034465
2020-10-12,30.7,30.88,30.36,30.86,791941
2020-10-13,30.59,31.26,30.5,30.95,1906037
2020-10-14,30.96,31.48,30.76,30.96,1112221
2020-10-15,30.56,31.87,30.41,31.8,1401022
2020-10-16,31.55,31.98,31.33,31.91,1093988
2020-10-19,32.05,32.37,31.29,31.49,1541477
2020-10-20,32.0,32.56,31.85,32.07,1189449
2020-10-21,31.96,32.59,31.87,32.09,1486357
2020-10-22,31.98,32.33,31.67,32.22,1247709
2020-10-23,32.4,32.91,32.32,32.89,950300
2020-10-26,32.47,32.54,31.31,31.72,1368962
2020-10-27,31.49,31.58,30.83,30.9,1284784
2020-10-28,30.23,30.56,29.6,29.81,2724490
2020-10-29,30.45,31.97,30.36,31.72,2331568
2020-10-30,31.24,32.25,31.01,32.0,1990453
2020-11-02,32.49,33.12,32.19,32.95,1416024
2020-11-03,33.63,34.57,33.17,34.39,1854521
2020-11-04,34.01,34.28,33.34,33.35,1194992
2020-11-05,33.91,35.0,33.83,34.86,785067
2020-11-06,35.0,35.0,33.81,33.97,866041
2020-11-09,35.3,38.38,35.3,35.46,1734132
2020-11-10,35.55,37.28,35.32,37.0,2552184
2020-11-11,37.0,37.0,35.59,35.81,946576
2020-11-12,35.86,35.88,34.41,34.87,691542
2020-11-13,35.33,36.11,35.19,36.03,1086671
2020-11-16,36.73,36.89,35.82,36.83,798457
2020-11-17,36.28,36.61,35.54,36.49,1033694
2020-11-18,36.54,36.91,35.66,35.67,1048319
2020-11-19,35.47,35.7,34.67,35.34,1051087
2020-11-20,35.26,35.47,34.98,35.08,1505004
2020-11-23,35.48,35.9,35.21,35.85,708098
2020-11-24,36.42,37.4,35.99,36.81,1392444
2020-11-25,36.62,36.62,36.07,36.23,725467
2020-11-27,36.26,36.71,35.43,35.98,528937
2020-11-30,35.62,35.71,34.99,35.21,1352401
2020-12-01,35.76,36.47,35.53,36.14,1162042
2020-12-02,36.1,36.1,35.17,35.85,887990
2020-12-03,36.01,36.59,35.66,36.18,1008267
2020-12-04,36.46,37.1,36.12,37.08,1036825
2020-12-07,36.9,37.1,36.4,37.09,681086
2020-12-08,36.76,37.18,36.63,36.93,1386912
2020-12-09,37.22,37.63,36.92,37.21,755004
2020-12-10,36.84,37.01,36.28,36.57,676337
2020-12-11,36.17,36.75,36.08,36.7,846148
2020-12-14,36.9,37.56,36.53,36.61,777144
2020-12-15,36.8,37.29,36.32,37.25,554885
2020-12-16,37.45,37.59,37.0,37.11,469891
2020-12-17,37.23,37.27,36.62,37.11,953771
2020-12-18,36.96,37.15,35.93,36.12,1216867
2020-12-21,35.42,35.98,34.79,35.94,598855
2020-12-22,35.88,36.36,35.45,35.98,860204
2020-12-23,36.27,36.53,36.05,36.25,889457
2020-12-24,36.4,36.4,35.84,36.26,250450
2020-12-28,36.52,36.96,36.18,36.26,548295
2020-12-29,36.75,36.75,35.24,35.34,1339978
2020-12-30,35.42,35.96,34.79,35.35,2222269
2020-12-31,35.5,35.5,34.89,35.25,959494
2021-01-04,35.44,35.86,34.11,34.73,1362119
2021-01-05,34.81,35.56,34.55,35.19,2478200
2021-01-06,35.64,37.61,35.52,37.11,1481800
2021-01-07,37.09,38.25,36.9,38.15,1555507
2021-01-08,38.13,38.54,37.8,38.4,1179736
2021-01-11,37.99,38.49,37.67,37.97,1064729
2021-01-12,38.07,40.04,37.81,39.82,1651549
2021-01-13,39.52,39.7,38.99,39.37,1139024
2021-01-14,39.55,39.71,38.99,39.07,927172
2021-01-15,38.74,38.9,37.69,37.86,1348317
2021-01-19,37.76,38.34,36.96,37.13,1166804
2021-01-20,37.3,37.8,36.91,37.59,886621
2021-01-21,37.52,37.78,37.15,37.62,1415985
2021-01-22,37.49,37.49,36.73,37.15,730953
2021-01-25,37.24,37.42,36.0,37.06,1033009
2021-01-26,37.42,37.63,36.67,36.75,561598
2021-01-27,36.24,36.33,34.79,35.69,1695461
2021-01-28,36.08,37.13,35.92,36.37,1619173
2021-01-29,36.26,36.62,34.99,35.07,1658059
2021-02-01,35.55,36.16,35.09,35.96,1389621
2021-02-02,36.09,36.6,36.05,36.41,829630
2021-02-03,36.35,37.03,36.22,36.84,606463
2021-02-04,36.83,37.83,36.81,37.71,572426
2021-02-05,38.03,38.32,37.84,37.91,372352
2021-02-08,38.01,38.48,37.88,38.23,828458
2021-02-09,38.4,38.4,37.36,37.4,520115
2021-02-10,37.47,37.82,37.21,37.6,609983
2021-02-11,37.81,37.81,36.85,37.35,449463
2021-02-12,37.21,37.69,36.41,36.91,1841899
2021-02-16,37.21,37.93,37.17,37.46,1369978
2021-02-17,37.48,37.48,36.33,36.78,747709
2021-02-18,37.76,39.68,37.05,38.61,2362582
2021-02-19,39.43,39.43,37.12,38.79,1985813
2021-02-22,38.42,39.68,38.02,38.99,1742379
2021-02-23,38.97,39.06,38.15,38.54,1109720
2021-02-24,38.33,40.1,38.33,39.98,875578
2021-02-25,39.84,40.21,39.19,39.55,2092360
2021-02-26,39.85,40.19,39.23,39.39,1798876
2021-03-01,40.03,40.75,39.76,40.33,1396161
2021-03-02,40.17,40.5,39.68,39.87,1341592
2021-03-03,39.91,41.29,39.85,40.26,1634980
2021-03-04,40.16,40.83,39.35,40.06,2204670
2021-03-05,40.59,42.18,40.07,41.97,1793090
2021-03-08,42.36,43.97,42.18,43.02,1521657
2021-03-09,42.99,43.78,42.64,42.76,2432767
2021-03-10,42.86,43.28,42.58,42.68,2588776
2021-03-11,42.67,43.07,42.22,42.58,1778583
2021-03-12,42.86,43.1,42.6,42.99,827545
2021-03-15,42.91,43.33,42.2,43.3,1329216
2021-03-16,43.09,43.34,42.73,43.25,922331
2021-03-17,43.26,43.95,43.14,43.77,1032558
2021-03-18,43.54,44.89,43.39,43.6,1032285
2021-03-19,43.16,43.8,42.75,43.42,1020016
2021-03-22,43.43,43.54,42.43,42.98,707858
2021-03-23,42.51,43.01,40.96,41.22,937777
2021-03-24,41.52,42.38,40.98,41.03,803906
2021-03-25,41.05,41.98,40.38,41.86,1126961
2021-03-26,41.92,42.77,41.68,42.74,523504
2021-03-29,42.58,43.03,41.64,42.06,647172
2021-03-30,42.08,42.89,41.92,42.86,737195
2021-03-31,42.78,42.84,42.11,42.34,555195
2021-04-01,42.45,43.0,41.98,42.95,776141
2021-04-05,43.62,43.93,43.41,43.85,817346
2021-04-06,43.73,43.84,42.95,43.17,1056433
2021-04-07,43.42,43.94,43.08,43.83,1122503
2021-04-08,43.69,43.87,42.99,43.72,1039494
2021-04-09,43.81,44.12,43.54,44.09,822666
2021-04-12,44.26,44.48,43.85,44.2,1511634
2021-04-13,44.05,44.11,43.02,43.37,915779
2021-04-14,43.08,44.19,43.07,43.92,815295
2021-04-15,44.1,44.55,43.82,44.32,1044997
2021-04-16,44.58,44.99,44.48,44.68,677274
2021-04-19,44.47,44.88,44.13,44.8,2237319
2021-04-20,44.86,45.06,43.47,43.87,729251
2021-04-21,43.72,44.64,43.49,44.45,600321
2021-04-22,44.54,44.8,44.01,44.29,779082
2021-04-23,44.55,45.16,44.13,44.99,571188
2021-04-26,45.07,45.36,44.75,45.05,703278
2021-04-27,45.22,45.95,45.21,45.6,1324592
2021-04-28,46.06,46.21,45.44,45.54,1023847
2021-04-29,47.51,49.33,46.47,46.78,3506021
2021-04-30,46.69,47.17,46.3,46.75,1471817
2021-05-03,47.36,48.51,46.8,48.03,1080860
2021-05-04,47.83,48.28,47.57,48.16,1540707
2021-05-05,48.51,48.85,48.12,48.65,1516628
2021-05-06,48.93,49.09,48.34,49.07,1052788
2021-05-07,48.96,50.29,48.65,49.77,1207274
2021-05-10,50.0,50.77,49.87,49.97,1280376
2021-05-11,49.51,49.85,48.69,49.2,1166676
2021-05-12,49.37,49.49,47.9,48.01,1447205
2021-05-13,48.62,49.55,48.0,49.24,1309184
2021-05-14,49.47,50.79,49.26,50.68,1032358
2021-05-17,50.67,51.17,50.28,51.06,1222720
2021-05-18,51.3,51.52,49.85,49.87,1322095
2021-05-19,49.24,49.78,48.72,49.74,1351853
2021-05-20,49.84,50.38,49.46,50.29,1536099
2021-05-21,50.25,51.44,50.2,50.49,1232151
2021-05-24,50.74,50.78,49.99,50.25,2678406
2021-05-25,50.35,50.66,49.95,50.03,1394804
2021-05-26,50.11,50.6,49.99,50.55,1130598
2021-05-27,50.83,51.51,50.75,51.1,1178485
2021-05-28,51.4,51.44,50.17,50.97,978602
2021-06-01,51.38,51.53,50.93,51.14,814963
2021-06-02,51.62,51.68,50.14,50.28,1703169
2021-06-03,50.05,50.49,49.62,50.17,1497746
2021-06-04,50.36,50.56,49.78,50.46,843900
2021-06-07,50.51,50.53,49.35,49.53,1241764
2021-06-08,50.0,50.41,49.19,50.29,1410160
2021-06-09,50.16,50.16,49.49,49.49,711940
2021-06-10,49.84,49.87,49.0,49.0,1136783
2021-06-11,49.01,49.67,48.9,49.53,782373
2021-06-14,49.47,49.54,48.28,48.69,1162516
2021-06-15,48.64,49.0,48.2,48.95,1407684
2021-06-16,48.8,49.18,48.24,48.68,1549728
2021-06-17,48.57,48.76,46.78,47.28,1499283
2021-06-18,46.5,47.2,46.16,46.82,2360208
2021-06-21,47.3,48.27,47.03,48.12,1126108
2021-06-22,48.14,48.31,47.23,48.01,1460685
2021-06-23,48.35,48.77,47.86,48.41,1258571
2021-06-24,48.39,49.38,48.32,49.33,1307869
2021-06-25,49.42,50.18,49.28,49.85,2363178
2021-06-28,49.64,49.73,48.4,48.59,1264911
2021-06-29,48.84,49.43,48.84,49.04,1481053
2021-06-30,49.0,49.43,48.85,49.22,940250
2021-07-01,49.44,50.51,49.37,50.11,1187648
2021-07-02,49.92,50.49,49.72,50.39,722481
2021-07-06,50.29,50.52,48.82,49.46,939511
2021-07-07,49.29,50.72,49.0,50.42,887914
2021-07-08,49.64,50.26,49.2,49.74,1347481
2021-07-09,50.4,51.25,50.4,50.97,1195824
2021-07-12,50.91,51.59,50.17,51.39,727531
2021-07-13,51.22,51.27,50.42,50.49,539788
2021-07-14,50.65,51.23,50.35,50.76,507654
2021-07-15,50.3,50.57,49.51,49.97,1435648
2021-07-16,50.17,50.62,49.38,49.47,706344
2021-07-19,49.24,49.24,48.12,48.57,1010837
2021-07-20,48.57,50.18,48.36,50.05,1019128
2021-07-21,50.35,51.25,50.15,50.92,732387
2021-07-22,50.84,50.93,50.06,50.12,914496
2021-07-23,50.59,50.88,50.06,50.76,1290056
2021-07-26,50.8,51.93,50.71,50.98,1373829
2021-07-27,50.5,50.98,49.8,50.06,1646359
2021-07-28,50.26,50.54,49.64,49.92,1433363
2021-07-29,52.55,52.99,50.36,51.47,3005966
2021-07-30,51.5,51.99,50.35,50.75,1082841
2021-08-02,51.83,52.6,50.74,51.01,1175988
2021-08-03,51.16,52.29,50.78,52.11,1131030
2021-08-04,51.82,52.04,50.9,50.91,974892
2021-08-05,51.06,51.49,49.99,50.53,1363421
2021-08-06,50.96,51.39,50.58,50.83,615558
2021-08-09,50.68,50.78,50.07,50.49,608168
2021-08-10,50.21,51.27,50.16,50.9,637771
2021-08-11,50.83,51.3,50.35,51.18,723425
2021-08-12,51.23,51.6,50.66,50.88,911936
2021-08-13,50.78,51.02,50.36,50.48,599905
2021-08-16,50.2,50.55,49.39,50.53,618532
2021-08-17,50.11,50.51,49.36,50.06,1014756
2021-08-18,50.03,51.18,49.81,50.59,1674985
2021-08-19,49.9,50.9,49.9,50.83,1805429
2021-08-20,50.73,51.16,50.39,50.96,823423
2021-08-23,50.97,51.31,50.65,50.7,757051
2021-08-24,50.49,51.65,50.49,51.36,769355
2021-08-25,51.37,52.6,51.37,52.37,930080
2021-08-26,52.22,52.24,51.4,51.56,973973
2021-08-27,51.55,52.19,51.35,52.05,584269
2021-08-30,52.18,52.49,51.9,52.08,620320
2021-08-31,52.09,52.8,52.03,52.69,2160458
2021-09-01,52.82,53.17,51.72,51.91,1136607
2021-09-02,51.96,52.08,51.07,51.26,1097124
2021-09-03,51.31,51.35,50.17,50.84,746903
2021-09-07,50.83,51.44,50.56,50.83,942487
2021-09-08,50.63,50.86,50.19,50.84,761152
2021-09-09,50.89,51.05,50.5,50.79,891413
2021-09-10,51.16,51.2,50.61,50.69,1077782
2021-09-13,51.01,51.34,50.55,50.95,1119188
2021-09-14,51.04,51.31,50.72,51.11,1087022
2021-09-15,51.22,52.69,50.71,52.66,1342466
2021-09-16,53.01,53.01,51.75,52.24,1025339
2021-09-17,51.96,52.45,50.72,50.91,3172638
2021-09-20,50.39,50.46,49.22,49.86,1856502
2021-09-21,50.37,51.03,49.46,49.54,1610812
2021-09-22,49.84,51.08,49.84,50.56,1278412
2021-09-23,50.91,52.11,50.76,51.84,1496507
2021-09-24,51.79,52.47,51.63,52.31,974107
2021-09-27,52.37,52.78,52.33,52.5,1068154
2021-09-28,52.31,52.66,51.51,51.64,741324
2021-09-29,51.74,52.1,51.13,51.4,1022968
2021-09-30,51.44,51.54,50.31,50.32,1212158
2021-10-01,50.5,51.57,49.91,51.25,1095313
2021-10-04,51.29,52.32,50.99,51.01,1080371
2021-10-05,51.05,51.36,50.42,51.11,2467110
2021-10-06,50.75,51.05,49.5,49.83,1861498
2021-10-07,50.37,51.97,50.37,51.96,1815944
2021-10-08,52.0,52.99,51.81,52.52,1464509
2021-10-11,52.53,53.12,52.26,52.3,1240835
2021-10-12,52.36,53.06,52.23,52.79,1316011
2021-10-13,52.84,53.77,52.18,53.61,2359065
2021-10-14,54.03,54.95,53.68,54.59,1885467
2021-10-15,54.94,55.65,54.86,55.25,1654821
2021-10-18,55.28,55.57,54.51,55.56,1440224
2021-10-19,55.73,56.42,54.84,55.11,2552231
2021-10-20,54.84,55.5,54.55,55.49,806760
2021-10-21,55.35,56.44,55.1,56.42,991303
2021-10-22,56.66,56.99,56.09,56.35,614152
2021-10-25,56.47,56.8,56.11,56.59,874110
2021-10-26,56.79,56.86,54.97,54.99,961023
2021-10-27,54.99,55.24,54.06,54.2,1292807
2021-10-28,55.7,57.33,55.15,56.35,2798308
2021-10-29,56.39,56.7,54.66,55.08,1294641
2021-11-01,55.54,56.09,54.89,55.68,950580
2021-11-02,55.9,56.99,55.83,56.52,1375087
2021-11-03,56.35,57.09,56.05,56.7,903467
2021-11-04,56.96,57.68,56.75,57.42,773126
2021-11-05,58.0,58.55,57.24,57.28,789599
2021-11-08,57.63,58.19,57.26,57.54,532414
2021-11-09,57.15,57.97,57.11,57.33,572237
2021-11-10,57.32,57.87,56.71,56.83,729935
2021-11-11,57.02,57.82,57.02,57.73,953455
2021-11-12,57.84,58.59,57.58,58.58,560171
2021-11-15,58.84,59.42,58.67,58.88,607108
2021-11-16,58.84,59.6,58.74,59.04,492659
2021-11-17,59.3,59.67,58.83,59.62,863924
2021-11-18,59.86,60.05,58.83,59.09,1281124
2021-11-19,59.35,59.5,58.16,58.22,830168
2021-11-22,58.45,59.25,58.45,58.84,1105800
2021-11-23,58.96,59.95,58.63,59.63,760698
2021-11-24,59.17,59.65,58.86,59.43,431428
2021-11-26,58.0,58.53,57.32,57.56,648343
2021-11-29,58.17,58.58,57.26,57.58,871658
2021-11-30,57.3,57.43,55.63,55.91,1364920
2021-12-01,56.85,57.76,56.05,56.11,1576687
2021-12-02,56.51,57.81,56.28,57.43,1041389
2021-12-03,57.83,58.17,56.1,56.55,925650
2021-12-06,57.27,57.81,56.8,57.0,2040641
2021-12-07,57.68,58.98,57.57,58.67,1228342
2021-12-08,58.77,58.9,57.49,57.73,1239463
2021-12-09,57.68,57.99,57.21,57.27,1146138
2021-12-10,57.6,58.03,57.22,57.99,775901
2021-12-13,58.01,58.17,56.11,56.46,1463140
2021-12-14,56.46,56.77,55.98,56.37,805238
2021-12-15,56.38,56.89,55.78,56.86,1152401
2021-12-16,56.86,57.81,56.55,56.67,700274
2021-12-17,56.66,56.69,55.53,55.72,1116277
2021-12-18,55.72,55.73,55.71,55.73,1356524
2021-12-20,55.15,55.53,53.95,55.3,1032725
2021-12-21,55.29,56.85,55.26,56.85,1402980
2021-12-22,56.84,57.31,56.34,57.26,810653
2021-12-23,57.28,58.08,57.23,57.73,870898
2021-12-24,57.73,57.73,57.72,57.73,251312
2021-12-27,57.79,58.72,57.62,58.64,475881
2021-12-28,58.63,59.16,58.63,58.78,612520
2021-12-29,58.81,59.55,58.72,59.3,400142
2021-12-30,59.31,59.82,58.85,59.37,537474
2021-12-31,59.34,60.23,59.15,60.03,496839
2022-01-01,60.03,60.03,60.02,60.03,331081
2022-01-03,60.26,60.43,58.05,58.62,618379
2022-01-04,58.63,59.96,58.61,59.48,1150678
2022-01-05,59.49,60.04,58.48,58.72,941973
2022-01-06,58.72,59.66,58.48,59.38,1100682
2022-01-07,59.36,59.45,58.22,58.27,953207
2022-01-08,58.27,58.27,58.27,58.27,200851
2022-01-10,57.79,58.1,56.86,57.69,866419
2022-01-11,57.69,57.91,56.81,57.6,1249498
2022-01-12,57.62,58.64,57.44,57.7,666677
2022-01-13,57.7,58.37,57.3,57.53,970171
2022-01-14,57.53,57.53,55.99,56.68,683006
2022-01-15,56.68,56.68,56.68,56.68,192230
2022-01-18,56.07,56.21,54.95,55.39,585694
2022-01-19,55.38,55.98,54.66,54.73,712565
2022-01-20,54.74,55.62,53.38,53.51,860061
2022-01-21,53.52,54.62,53.27,53.75,1188608
2022-01-22,53.75,53.75,53.73,53.75,184433
2022-01-24,53.0,55.44,52.5,55.3,1634887
2022-01-25,55.3,55.31,53.59,54.63,1404774
2022-01-26,54.63,55.63,53.79,54.23,1499743
2022-01-27,54.23,55.38,53.23,53.62,1110498
2022-01-28,53.61,54.19,52.67,54.19,889145
2022-01-29,54.18,54.18,54.17,54.17,170450
2022-01-31,53.66,54.94,53.53,54.93,912316
2022-02-01,54.9,55.83,54.27,55.7,1012931
2022-02-02,55.71,57.34,55.53,57.13,1656564
2022-02-03,57.12,57.12,55.58,55.67,912481
2022-02-04,55.68,55.68,54.35,55.02,977155
2022-02-05,55.02,55.02,55.02,55.02,350340
2022-02-07,55.18,55.37,54.49,55.05,676718
2022-02-08,55.05,56.06,54.99,55.79,1003498
2022-02-09,55.81,57.38,55.81,56.96,958388
2022-02-10,56.97,56.97,54.66,54.86,1305022
2022-02-11,54.88,55.13,53.45,53.7,937763
2022-02-12,53.69,53.7,53.69,53.7,311218
2022-02-14,53.79,54.3,53.38,53.77,884467
2022-02-15,53.77,55.1,53.77,54.87,799101
2022-02-16,54.88,55.84,54.75,55.6,880557
2022-02-17,55.6,55.6,46.86,47.64,5373231
2022-02-18,47.64,50.04,47.18,49.17,4587077
2022-02-19,49.17,49.17,49.17,49.17,220059
2022-02-22,48.25,49.47,47.92,48.11,2841586
2022-02-23,48.11,48.42,45.39,45.5,2324598
2022-02-24,45.5,45.96,43.63,45.9,2098435
2022-02-25,45.91,48.16,45.74,48.03,1314644
2022-02-26,48.05,48.05,48.03,48.03,239730
2022-02-28,47.13,47.39,46.02,46.96,1294154
2022-03-01,46.96,47.08,45.52,45.86,1698013
2022-03-02,45.87,48.29,45.86,47.39,2727133
2022-03-03,47.4,47.86,46.66,46.99,2292692
2022-03-04,47.0,47.0,44.47,44.94,1613937
2022-03-05,44.95,44.95,44.94,44.95,304784
2022-03-07,44.88,44.88,42.83,42.86,1149120
2022-03-08,42.86,43.68,42.36,42.55,2407611
2022-03-09,42.54,45.52,42.54,45.09,1213486
2022-03-10,45.09,45.34,44.05,44.44,1663346
2022-03-11,44.44,45.16,44.01,44.04,943768
2022-03-12,44.04,44.05,44.03,44.05,197638
2022-03-14,44.53,46.17,44.38,45.16,1598570
2022-03-15,45.61,46.31,45.07,45.45,1090218
2022-03-16,45.9,47.1,45.9,47.06,1831224
2022-03-17,46.77,46.96,46.36,46.65,1909495
2022-03-18,45.79,47.25,45.75,46.75,3265169
2022-03-21,46.78,47.36,45.89,46.28,1030603
2022-03-22,46.3,47.27,46.3,46.67,1361802
2022-03-23,46.62,46.62,45.32,45.38,623235
2022-03-24,45.75,46.15,45.1,45.4,1348334
2022-03-25,45.77,45.95,45.2,45.8,1289728
2022-03-28,46.01,46.12,45.2,45.53,954069
2022-03-29,46.51,47.52,46.37,47.31,1018204
2022-03-30,47.12,47.23,46.55,46.77,1105293
2022-03-31,46.97,46.97,45.39,45.41,721221
2022-04-01,46.0,46.36,44.99,45.2,1022202
2022-04-04,45.19,45.63,44.97,45.38,1564360
2022-04-05,45.23,45.48,44.12,44.26,1297655
2022-04-06,43.95,44.75,43.37,44.61,1279928
2022-04-07,44.43,45.16,43.71,44.92,2142219
2022-04-08,45.0,46.26,44.76,45.57,1068850
2022-04-11,45.12,46.38,45.12,45.48,944942
2022-04-12,45.78,46.76,45.65,45.96,1900308
2022-04-13,45.8,46.65,45.71,46.64,781851
2022-04-14,46.76,47.5,46.7,47.0,1599222
2022-04-18,46.83,48.19,46.83,47.79,1734319
2022-04-19,47.86,50.05,47.86,49.76,1805876
2022-04-20,50.23,51.09,50.16,50.74,1474092
2022-04-21,51.15,51.84,49.93,49.98,1544017
2022-04-22,49.53,50.02,49.14,49.37,1501775
2022-04-25,49.04,49.93,48.32,49.87,1448852
2022-04-26,49.42,49.79,48.9,49.0,1281548
2022-04-27,49.33,50.11,48.79,49.48,1879985
2022-04-28,50.09,51.44,49.91,51.12,1633853
2022-04-29,50.88,51.29,49.54,49.66,886551
2022-05-02,49.71,50.45,49.24,50.29,1319253
2022-05-03,50.65,51.24,50.43,50.8,1486991
2022-05-04,50.82,52.75,50.28,52.72,1257049
2022-05-05,52.05,52.3,50.31,50.8,975465
2022-05-06,50.57,50.98,49.78,50.87,867508
2022-05-09,50.23,51.19,49.85,50.07,1274169
2022-05-10,50.61,50.86,48.87,49.76,1333104
2022-05-11,49.49,50.21,48.66,48.79,1406837
2022-05-12,48.86,50.16,48.6,50.12,1418337
2022-05-13,50.49,51.35,50.24,51.09,1565200
2022-05-16,50.85,51.45,49.97,50.93,1043875
2022-05-17,51.42,52.52,51.32,52.47,1138459
2022-05-18,51.09,51.2,49.69,50.11,2030613
2022-05-19,49.33,50.61,48.93,49.73,1501492
2022-05-20,49.99,50.13,46.87,48.36,2360628
2022-05-23,48.78,49.74,48.4,49.29,1482474
2022-05-24,48.97,49.22,48.05,48.93,1265984
2022-05-25,48.77,49.9,48.44,49.6,1823248
2022-05-26,50.36,51.17,50.13,50.92,1229585
2022-05-27,51.25,52.42,51.01,52.34,1470236
2022-05-31,51.79,52.09,51.18,51.39,1664421
2022-06-01,51.85,52.26,50.49,50.55,1287516
2022-06-02,50.63,51.54,50.54,51.54,804396
2022-06-03,51.09,51.44,50.57,50.68,666277
2022-06-06,51.08,52.47,50.69,52.29,1026253
2022-06-07,51.82,53.04,51.5,52.92,1225843
2022-06-08,52.37,52.82,51.98,52.04,810603
2022-06-09,52.08,52.66,51.28,51.29,809501
2022-06-10,50.38,50.71,49.52,49.55,1039523
2022-06-13,48.46,48.93,47.58,47.93,1460653
2022-06-14,48.01,48.86,47.95,48.52,1178321
2022-06-15,48.55,49.42,48.25,48.75,1113815
2022-06-16,47.96,47.98,46.25,46.43,1876822
2022-06-17,46.46,47.12,46.23,46.94,3161781
2022-06-21,47.91,48.29,47.25,47.77,1317149
2022-06-22,47.4,48.51,47.27,48.19,1044559
2022-06-23,48.53,49.17,47.78,48.41,1049499
2022-06-24,48.73,50.08,48.48,49.92,1817437
2022-06-27,49.93,51.26,49.78,50.92,1487812
2022-06-28,51.0,51.52,49.84,49.94,1023583
2022-06-29,50.0,50.14,48.85,49.14,1006986
2022-06-30,48.4,49.59,48.23,49.09,942144
2022-07-01,48.87,49.86,48.62,49.54,820081
2022-07-05,48.93,49.65,48.58,49.62,860922
2022-07-06,49.81,50.43,49.06,50.01,1135003
2022-07-07,50.28,51.56,50.1,51.31,947200
2022-07-08,51.26,51.61,50.62,51.22,988632
2022-07-11,51.07,51.35,50.15,50.28,581363
2022-07-12,50.23,51.28,50.01,50.49,851208
2022-07-13,49.92,50.81,49.8,50.42,1467527
2022-07-14,49.68,49.89,48.82,49.75,1208098
2022-07-15,50.32,50.64,49.36,49.95,1335804
2022-07-18,50.24,51.41,49.99,50.17,1305269
2022-07-19,50.96,52.86,50.95,52.76,956797
2022-07-20,52.19,53.16,52.18,53.07,895403
2022-07-21,52.47,53.44,52.47,53.38,821631
2022-07-22,53.35,53.78,52.69,53.09,1139888
2022-07-25,53.14,53.46,52.76,53.25,1028173
2022-07-26,52.48,52.97,51.88,52.17,1165840
2022-07-27,52.46,53.7,52.08,53.67,1708428
2022-07-28,52.66,54.31,52.15,54.15,1221212
2022-07-29,54.17,54.98,53.78,54.84,1609987
2022-08-01,54.5,55.46,54.27,55.29,610597
2022-08-02,55.26,55.5,54.69,54.72,1060898
2022-08-03,54.92,55.54,54.28,54.71,936133
2022-08-04,54.67,54.76,54.3,54.43,790164
2022-08-05,54.03,55.12,53.89,55.08,740144
2022-08-08,55.31,55.75,54.48,54.53,908437
2022-08-09,54.62,54.69,53.86,54.52,1029089
2022-08-10,55.37,55.6,54.85,54.95,508440
2022-08-11,55.32,55.7,54.99,55.25,942818
2022-08-12,55.36,56.23,55.22,56.22,491260
2022-08-15,55.93,56.44,55.52,56.28,659701
2022-08-16,56.28,56.89,56.01,56.31,794519
2022-08-17,55.85,56.55,55.5,56.42,1270348
2022-08-18,56.4,56.56,56.13,56.27,644555
2022-08-19,55.69,56.13,55.69,56.07,635583
2022-08-22,55.26,55.33,54.3,54.41,828721
2022-08-23,54.45,55.04,54.32,54.38,597042
2022-08-24,54.13,54.68,53.95,54.48,674128
2022-08-25,54.61,55.79,54.57,55.79,773677
2022-08-26,55.7,55.79,53.96,53.99,778749
2022-08-29,53.5,54.14,53.23,53.85,852434
2022-08-30,53.8,53.85,52.95,53.06,751139
2022-08-31,53.37,53.48,52.77,53.22,1496213
2022-09-01,52.9,53.43,52.3,53.38,717201
2022-09-02,53.85,54.86,53.14,53.45,833136
2022-09-06,53.67,53.67,51.07,51.27,1393392
2022-09-07,51.47,53.18,51.37,53.09,1034748
2022-09-08,52.62,53.2,52.19,53.12,673251
2022-09-09,53.39,53.86,53.27,53.65,793107
2022-09-12,53.95,54.5,53.38,53.66,791355
2022-09-13,52.47,52.65,50.37,50.48,1041616
2022-09-14,50.69,50.87,49.04,49.58,1498708
2022-09-15,49.36,49.98,48.54,48.88,1148803
2022-09-16,48.31,49.02,48.12,48.72,2432040
2022-09-19,48.55,50.66,48.53,50.52,1398384
2022-09-20,49.94,49.95,48.88,49.19,1290128
2022-09-21,49.51,49.94,48.32,48.33,1093599
2022-09-22,48.25,48.46,47.13,47.44,1414188
2022-09-23,47.03,47.25,46.2,47.11,1334095
2022-09-26,46.94,47.43,46.81,46.95,1112739
2022-09-27,47.44,47.92,46.74,47.22,833694
2022-09-28,47.42,48.59,47.26,48.19,1185429
2022-09-29,47.65,47.72,46.78,47.21,748420
2022-09-30,47.26,48.31,47.07,47.15,1310239
2022-10-03,47.55,49.08,47.55,48.62,946123
2022-10-04,49.34,50.42,49.21,50.28,896543
2022-10-05,49.66,50.49,49.33,50.23,701770
2022-10-06,50.1,50.43,49.91,49.98,952601
2022-10-07,49.43,49.79,49.06,49.35,771501
2022-10-10,49.55,50.0,49.1,49.72,625813
2022-10-11,49.61,50.94,49.59,50.23,797331
2022-10-12,50.45,50.51,49.64,49.68,873107
2022-10-13,48.83,50.88,48.35,50.5,836409
2022-10-14,51.02,51.31,49.49,49.6,1035987
2022-10-17,50.52,50.83,49.99,50.6,860994
2022-10-18,51.64,51.97,50.71,51.44,853408
2022-10-19,51.04,51.32,50.45,51.15,643459
2022-10-20,51.27,51.46,49.72,50.08,923041
2022-10-21,50.15,51.54,50.01,51.49,821116
2022-10-24,51.79,52.98,51.7,52.74,833174
2022-10-25,52.56,54.02,52.56,53.9,1186688
2022-10-26,54.1,54.55,53.06,53.43,1272669
2022-10-27,54.15,55.97,53.62,54.9,1378812
2022-10-28,54.78,55.69,54.34,55.44,846913
2022-10-31,55.37,55.94,54.89,55.64,996336
2022-11-01,53.68,53.8,52.63,53.5,3123681
2022-11-02,53.35,53.83,52.1,52.14,2341601
2022-11-03,51.58,52.04,51.13,51.65,910578
2022-11-04,52.02,52.48,50.97,51.72,1073059
2022-11-07,51.83,52.68,51.45,52.6,735073
2022-11-08,52.59,53.01,51.89,52.68,1247269
2022-11-09,52.68,53.26,52.17,52.25,1326185
2022-11-10,52.24,54.29,52.24,54.11,1245679
2022-11-11,54.12,54.77,53.93,54.28,1074499
2022-11-12,54.27,54.29,54.27,54.29,215406
2022-11-14,54.21,54.63,53.58,53.64,834621
2022-11-15,53.64,54.89,53.63,54.65,931659
2022-11-16,54.65,54.68,53.7,54.32,904394
2022-11-17,54.31,54.31,52.27,53.21,953413
2022-11-18,53.2,54.2,53.2,54.03,631577
2022-11-19,54.03,54.04,54.02,54.02,251764
2022-11-21,53.92,54.6,53.84,54.32,392458
2022-11-22,54.33,55.04,54.33,55.01,624931
2022-11-23,55.0,55.29,54.77,54.85,501901
2022-11-25,54.95,55.02,54.56,54.86,258119
2022-11-28,54.58,54.61,53.72,53.79,477672
2022-11-29,53.8,53.86,52.88,52.91,555830
2022-11-30,52.91,54.38,52.17,54.33,900401
2022-12-01,54.33,55.68,54.33,55.09,1687075
2022-12-02,55.08,55.25,54.29,55.04,743632
2022-12-03,55.06,55.06,55.06,55.06,150778
2022-12-05,54.54,54.54,53.61,53.94,494592
2022-12-06,53.93,54.2,53.17,53.74,914829
2022-12-07,53.72,53.76,52.52,52.67,1220749
2022-12-08,52.67,53.62,52.61,53.47,689135
2022-12-09,53.45,53.68,53.11,53.24,767488
2022-12-10,53.23,53.23,53.23,53.23,492451
2022-12-12,53.26,54.23,52.98,54.0,393521
2022-12-13,54.01,55.74,53.99,54.43,855002
2022-12-14,54.43,55.04,53.34,53.79,1230672
2022-12-15,53.8,53.81,52.81,53.28,946230
2022-12-16,53.28,53.3,52.37,52.6,2347956
2022-12-17,52.61,52.63,52.6,52.63,1670505
2022-12-19,52.87,53.03,52.5,52.73,843732
2022-12-20,52.73,53.14,52.33,52.97,1790172
2022-12-21,52.98,54.42,52.98,54.37,1457113
2022-12-22,54.37,54.37,52.22,53.12,920065
2022-12-23,53.12,53.77,52.84,53.64,680263
2022-12-24,53.64,53.64,53.64,53.64,93562
2022-12-27,53.8,54.29,53.61,53.99,256819
2022-12-28,53.99,54.35,53.05,53.05,333941
2022-12-29,53.05,54.36,53.05,53.97,209745
2022-12-30,53.98,53.99,53.05,53.39,494514
2022-12-31,53.39,53.41,53.39,53.41,239328
2023-01-03,53.58,54.35,53.22,53.85,730989
2023-01-04,53.85,54.87,53.85,54.59,928832
2023-01-05,54.59,54.6,53.58,53.93,802481
2023-01-06,53.92,55.59,53.92,55.33,832388
2023-01-07,55.31,55.33,55.31,55.33,142344
2023-01-09,55.37,55.91,55.27,55.57,622551
2023-01-10,55.57,56.22,55.5,56.18,737545
2023-01-11,56.18,57.58,56.17,57.5,1812550
2023-01-12,57.5,58.59,57.2,58.0,3018169
2023-01-13,58.0,58.73,57.34,58.5,2167184
2023-01-14,58.51,58.52,58.5,58.52,220371
2023-01-17,58.38,58.85,57.33,57.88,1428648
2023-01-18,57.9,58.16,56.09,56.11,736208
2023-01-19,56.11,56.14,54.95,55.02,714872
2023-01-20,55.02,56.0,54.68,55.99,866791
2023-01-21,55.99,56.0,55.94,55.96,305577
2023-01-23,56.14,57.53,55.95,57.24,432173
2023-01-24,57.24,57.74,56.93,57.44,590316
2023-01-25,57.41,57.63,56.71,57.6,760604
2023-01-26,57.6,58.08,57.32,57.6,472631
2023-01-27,57.59,57.8,57.32,57.63,502912
2023-01-28,57.62,57.64,57.61,57.62,184366
2023-01-30,57.36,58.29,57.21,57.87,514922
2023-01-31,57.88,58.98,57.88,58.97,628581
2023-02-01,58.95,58.97,56.73,58.32,1888361
2023-02-02,58.34,59.33,58.1,58.72,1725570
2023-02-03,58.72,58.74,57.42,57.48,1105854
2023-02-04,57.46,57.48,57.46,57.48,250542
2023-02-06,57.02,57.42,56.07,56.41,1154033
2023-02-07,56.39,56.41,55.09,56.06,1441490
2023-02-08,56.07,56.39,55.23,55.96,1008097
2023-02-09,55.96,56.75,55.92,56.03,820874
2023-02-10,56.05,56.32,55.52,56.14,1065991
2023-02-11,56.17,56.17,56.14,56.17,400875
2023-02-13,56.42,57.2,56.17,57.18,513404
2023-02-14,57.18,57.63,56.4,57.46,889493
2023-02-15,57.45,58.03,56.79,57.89,1298072
2023-02-16,57.89,58.23,56.9,57.94,1174945
2023-02-17,57.94,58.92,57.68,58.88,942348
2023-02-18,58.84,58.88,58.82,58.84,630738
2023-02-21,58.2,58.81,56.3,56.32,813933
2023-02-22,56.32,57.22,56.23,56.69,1202297
2023-02-23,56.69,56.7,54.87,56.26,1367066
2023-02-24,56.26,57.67,55.5,57.54,938163
2023-02-25,57.54,57.55,57.54,57.55,303958
2023-02-27,58.54,58.62,57.13,57.44,1074807
2023-02-28,57.44,58.07,56.91,57.28,1685616
2023-03-01,57.28,57.66,56.56,57.42,1021645
2023-03-02,57.42,58.41,57.25,58.21,1748110
2023-03-03,58.2,58.53,57.66,58.34,1961800
2023-03-04,58.34,58.35,58.33,58.33,626159
2023-03-06,58.35,58.67,57.51,57.54,1451023
2023-03-07,57.54,58.31,57.44,57.58,2255169
2023-03-08,57.57,57.96,57.13,57.53,965643
2023-03-09,57.53,57.79,55.86,55.95,970280
2023-03-10,55.97,55.99,54.35,54.59,1365048
2023-03-11,54.6,54.61,54.57,54.6,646938
2023-03-13,53.99,54.01,53.08,53.41,1446009
2023-03-14,54.19,55.06,53.9,54.51,1167231
2023-03-15,53.09,53.54,52.55,53.37,1889849
2023-03-16,52.96,55.02,52.96,54.74,1562479
2023-03-17,54.41,54.41,53.68,54.04,2671604
2023-03-20,54.11,55.29,54.11,54.75,1279241
2023-03-21,55.32,55.67,54.96,55.22,952941
2023-03-22,55.34,55.67,54.54,54.55,600205
2023-03-23,54.46,54.51,53.24,53.57,879504
2023-03-24,53.26,53.86,52.98,53.8,806921
2023-03-27,54.21,54.63,53.83,54.37,1236937
2023-03-28,54.46,55.32,54.42,55.25,801319
2023-03-29,55.34,55.94,55.17,55.82,754525
2023-03-30,56.42,57.14,55.4,55.6,595037
2023-03-31,55.71,56.84,55.62,56.76,636705
2023-04-03,56.6,57.1,56.39,56.7,465210
2023-04-04,56.85,56.88,55.29,55.74,786076
2023-04-05,55.61,55.61,54.18,54.27,1015564
2023-04-06,54.07,54.5,53.99,54.41,665945
2023-04-10,54.0,55.59,54.0,55.57,725626
2023-04-11,55.85,56.69,55.4,56.47,686305
2023-04-12,56.84,57.0,56.22,56.31,550582
2023-04-13,56.32,56.32,55.19,55.95,584228
2023-04-14,56.04,56.66,55.58,56.32,677458
2023-04-17,56.31,56.58,55.68,56.17,645891
2023-04-18,56.32,56.67,56.23,56.54,729953
2023-04-19,56.33,56.38,55.59,55.9,723026
2023-04-20,55.53,56.78,55.21,56.65,586404
2023-04-21,56.65,56.94,56.28,56.6,510870
2023-04-24,56.6,57.46,56.59,57.19,658825
2023-04-25,56.86,57.15,56.4,56.55,524561
2023-04-26,56.2,56.75,56.12,56.22,736988
2023-04-27,55.97,57.37,55.09,57.26,1012160
2023-04-28,57.42,57.8,57.06,57.73,704627
2023-05-01,57.73,58.52,57.7,58.11,695858
2023-05-02,57.9,57.9,56.23,57.22,597319
2023-05-03,57.46,58.13,57.03,57.13,421823
2023-05-04,57.07,57.13,55.94,56.2,472409
2023-05-05,56.64,57.3,56.54,57.07,429069
2023-05-08,57.19,57.31,56.66,57.18,506475
2023-05-09,56.82,57.46,56.68,57.2,832207
2023-05-10,57.59,57.73,56.17,56.87,616829
2023-05-11,56.66,56.78,56.28,56.64,540426
2023-05-12,56.8,56.97,56.01,56.57,561138
2023-05-15,56.65,56.92,56.21,56.91,367095
2023-05-16,56.63,56.63,55.83,55.86,445192
2023-05-17,56.04,56.31,55.74,56.11,614513
2023-05-18,56.01,56.72,55.77,56.68,572609
2023-05-19,56.65,56.73,55.54,55.76,702735
2023-05-22,56.06,56.25,55.11,55.16,542064
2023-05-23,54.96,55.14,54.44,54.54,853694
2023-05-24,54.67,54.88,53.76,53.84,598399
2023-05-25,52.97,54.05,52.97,53.85,521129
2023-05-26,53.85,54.01,53.32,53.59,818217
2023-05-30,53.32,53.67,52.7,52.81,680545
2023-05-31,52.3,52.91,51.39,52.75,2173262
2023-06-01,52.94,53.07,51.87,52.08,741468
2023-06-02,52.54,53.94,52.53,53.75,648054
2023-06-05,53.67,53.67,52.93,53.51,887425
2023-06-06,53.38,54.12,53.38,54.0,526830
2023-06-07,54.2,54.62,53.93,54.48,547217
2023-06-08,54.57,54.74,53.71,53.95,733697
2023-06-09,54.06,54.42,53.41,54.31,783989
2023-06-12,54.21,54.76,54.06,54.58,439600
2023-06-13,54.77,55.35,54.62,54.9,483251
2023-06-14,55.1,55.26,54.22,54.47,394520
2023-06-15,54.58,54.84,54.19,54.51,643841
2023-06-16,54.94,54.94,53.99,54.23,2090253
2023-06-20,54.17,54.33,53.6,54.19,685491
2023-06-21,54.02,55.08,53.71,54.98,749799
2023-06-22,55.14,55.14,54.44,54.61,390158
2023-06-23,54.34,54.69,54.15,54.44,994729
2023-06-26,54.4,55.32,54.4,55.27,476083
2023-06-27,55.53,57.28,55.53,57.0,849127
2023-06-28,56.92,57.3,56.44,57.0,627802
2023-06-29,56.64,57.8,56.57,57.72,575973
2023-06-30,58.06,58.55,57.77,58.27,334681
2023-07-03,58.09,58.51,57.9,58.27,238838
2023-07-05,58.26,58.44,57.3,57.61,482215
2023-07-06,57.11,57.59,56.63,56.95,533504
2023-07-07,56.7,57.68,56.7,57.2,286698
2023-07-10,57.12,58.06,57.12,57.53,256357
2023-07-11,57.94,58.56,57.88,57.97,705155
2023-07-12,58.38,59.38,58.13,59.01,717135
2023-07-13,59.08,59.08,58.11,58.52,459084
2023-07-14,58.42,58.42,57.73,58.19,563368
2023-07-17,58.12,58.79,58.09,58.63,483081
2023-07-18,58.5,59.25,58.08,58.16,476835
2023-07-19,57.93,58.36,57.66,58.29,538243
2023-07-20,58.19,58.32,56.76,57.17,690623
2023-07-21,57.48,57.5,56.94,56.99,307966
2023-07-24,56.85,57.28,56.52,56.93,390854
2023-07-25,56.8,57.36,56.48,57.23,348501
2023-07-26,57.23,57.72,56.92,57.45,497829
2023-07-27,57.59,57.71,55.08,55.15,728513
2023-07-28,55.4,55.63,54.15,54.43,554510
2023-07-31,54.49,54.9,54.32,54.79,570101
2023-08-01,54.9,55.52,54.83,55.45,401914
2023-08-02,55.16,55.45,54.84,54.89,336245
2023-08-03,54.86,55.21,54.25,54.84,292776
2023-08-04,54.85,55.18,54.21,54.28,399101
2023-08-07,54.54,54.6,54.03,54.23,359293
2023-08-08,53.59,53.69,52.72,53.32,552131
2023-08-09,53.3,53.78,53.1,53.37,563864
2023-08-10,53.74,54.21,53.41,53.66,471248
2023-08-11,53.45,53.79,53.22,53.64,336238
2023-08-14,53.37,53.62,52.79,53.46,661683
2023-08-15,53.16,53.29,52.55,52.91,471258
2023-08-16,52.67,53.22,52.57,52.59,483238
2023-08-17,52.71,52.9,51.87,51.87,386924
2023-08-18,51.49,52.63,51.49,52.41,1333367
2023-08-21,52.57,52.72,52.03,52.36,360272
2023-08-22,52.5,52.65,51.77,51.93,672182
2023-08-23,52.07,52.17,51.51,51.98,584237
2023-08-24,51.91,52.08,51.38,51.39,332199
2023-08-25,51.57,52.05,51.57,51.79,319291
2023-08-28,51.97,52.39,51.92,52.09,762011
2023-08-29,52.44,53.17,52.08,53.16,540180
2023-08-30,53.21,54.07,53.07,53.48,620089
2023-08-31,53.6,53.84,52.37,52.53,593710
2023-09-01,52.93,53.18,52.55,52.87,411636
2023-09-05,52.77,52.77,51.11,51.46,586694
2023-09-06,51.37,51.56,50.63,50.82,713633
2023-09-07,50.8,51.03,50.13,50.46,631513
2023-09-08,50.38,50.62,50.07,50.47,681482
2023-09-11,50.68,51.04,50.27,50.45,822040
2023-09-12,50.42,50.61,50.16,50.31,773299
2023-09-13,50.29,50.4,49.53,49.67,541791
2023-09-14,50.01,50.38,49.73,50.33,558913
2023-09-15,50.33,50.33,49.8,49.93,715844
2023-09-18,49.93,50.5,49.8,50.13,469309
2023-09-19,50.01,50.7,49.85,50.56,438124
2023-09-20,50.58,50.86,50.32,50.38,582075
2023-09-21,50.25,50.26,49.57,49.59,472326
2023-09-22,49.75,49.98,49.33,49.44,773011
2023-09-25,49.38,50.02,49.23,49.9,656178
2023-09-26,49.54,49.79,48.85,48.94,1140709
2023-09-27,49.19,49.3,48.59,48.81,725088
2023-09-28,48.74,49.79,48.74,49.53,595595
2023-09-29,49.91,50.07,49.35,49.48,704591
2023-10-02,49.34,49.56,49.04,49.14,662089
2023-10-03,48.89,49.09,48.33,48.53,468943
2023-10-04,48.64,48.85,48.01,48.75,479781
2023-10-05,48.7,49.24,48.65,49.16,662794
2023-10-06,49.0,49.79,48.82,49.51,655161
2023-10-09,49.4,50.43,49.36,50.31,489910
2023-10-10,50.38,51.49,50.29,51.22,1098172
2023-10-11,51.37,51.5,50.33,50.92,808210
2023-10-12,50.93,50.93,50.08,50.39,680663
2023-10-13,50.46,50.81,49.76,50.03,590491
2023-10-16,50.55,50.94,50.28,50.65,739527
2023-10-17,50.44,51.39,50.44,51.07,547696
2023-10-18,51.0,51.0,50.39,50.42,846193
2023-10-19,50.12,50.36,48.72,48.8,663897
2023-10-20,49.12,49.22,48.14,48.49,763760
2023-10-23,48.36,48.44,47.84,47.86,811895
2023-10-24,48.16,48.28,47.25,47.28,768442
2023-10-25,47.12,47.27,46.6,46.91,979979
2023-10-26,45.73,45.94,41.49,44.13,3525389
2023-10-27,44.03,44.25,43.12,43.56,1991399
2023-10-30,43.9,43.99,43.02,43.36,1562993
2023-10-31,43.49,44.26,43.38,43.93,1466813
2023-11-01,43.71,43.9,42.71,43.11,1315187
2023-11-02,43.5,43.85,43.25,43.46,1078040
2023-11-03,44.21,45.04,44.21,44.94,724891
2023-11-06,44.8,45.0,44.37,44.61,751876
2023-11-07,44.63,45.12,44.18,45.0,927772
2023-11-08,45.0,45.0,44.13,44.18,569784
2023-11-09,44.17,44.89,43.87,44.45,806693
2023-11-10,44.43,44.94,43.84,44.81,389018
2023-11-11,44.82,44.84,44.82,44.83,236944
2023-11-13,44.58,44.88,44.41,44.79,521624
2023-11-14,44.78,46.45,44.78,46.42,977450
2023-11-15,46.41,46.83,45.62,45.68,1076582
2023-11-16,45.67,45.76,44.87,45.05,647371
2023-11-17,45.06,45.65,44.94,45.52,490967
2023-11-18,45.52,45.53,45.52,45.53,250420
2023-11-20,45.39,45.66,44.88,45.44,820308
2023-11-21,45.44,46.11,45.43,45.54,677661
2023-11-22,45.53,45.83,45.42,45.75,431925
2023-11-23,45.74,45.75,45.74,45.74,742
2023-11-24,45.58,45.89,45.53,45.84,207279
2023-11-27,45.06,45.57,45.02,45.15,521688
2023-11-28,45.13,45.43,44.76,44.95,1710984
2023-11-29,44.95,45.13,44.16,44.4,837480
2023-11-30,44.4,44.72,43.88,44.56,708118
2023-12-01,44.57,45.53,44.5,45.5,597992
2023-12-02,45.49,45.49,45.49,45.49,1191
2023-12-04,45.45,46.24,45.37,45.71,716823
2023-12-05,45.71,45.71,44.56,44.66,667719
2023-12-06,44.66,45.74,44.64,45.29,941967
2023-12-07,45.3,45.49,44.77,45.19,515646
2023-12-08,45.19,45.75,45.08,45.4,937079
2023-12-09,45.4,45.4,45.39,45.39,1274
2023-12-11,45.4,46.08,45.4,45.76,710500
2023-12-12,45.75,45.75,45.31,45.45,668388
2023-12-13,45.46,46.01,44.97,45.98,1873714
2023-12-14,45.98,47.62,45.97,46.65,1007273
2023-12-15,46.66,46.79,46.08,46.67,1393263
2023-12-16,46.66,46.68,46.63,46.63,20868
2023-12-18,46.63,47.18,46.31,47.16,1410649
2023-12-19,47.34,47.96,46.98,47.75,1142216
2023-12-20,47.76,48.22,47.44,47.44,1501013
2023-12-21,47.45,47.99,46.98,47.44,831866
2023-12-22,47.44,48.13,47.43,47.81,820627
2023-12-23,47.81,47.81,47.79,47.8,4522
2023-12-26,47.94,47.98,47.66,47.93,513617
2023-12-27,47.92,48.09,47.69,48.09,667407
2023-12-28,48.08,48.24,47.61,47.88,551119
2023-12-29,47.89,48.11,47.66,47.79,764881
2023-12-30,47.79,47.8,47.79,47.8,500
2024-01-02,47.84,48.22,47.16,47.29,768251
2024-01-03,47.29,47.3,46.51,46.64,1477406
2024-01-04,46.63,46.76,46.25,46.54,645179
