datetime,open,high,low,close,volume
2012-04-11,5201.0,5325.0,5170.0,5307.0,228
2012-04-12,5300.0,5370.0,5300.0,5335.0,81
2012-04-13,5330.0,5340.0,5289.0,5327.0,79
2012-04-16,5291.0,5325.0,5291.0,5322.0,56
2012-04-17,5320.0,5338.0,5320.0,5332.0,73
2012-04-18,5347.0,5397.0,5347.0,5397.0,70
2012-04-19,5384.0,5420.0,5384.0,5420.0,70
2012-04-20,5420.0,5438.0,5403.0,5438.0,70
2012-04-23,5438.0,5438.0,5400.0,5429.0,26
2012-04-24,5429.0,5447.0,5408.0,5447.0,47
2012-04-25,5447.0,5447.0,5394.0,5430.0,83
2012-04-26,5425.0,5438.0,5406.0,5410.0,44
2012-04-27,5390.0,5456.0,5390.0,5451.0,61
2012-04-28,5410.0,5475.0,5410.0,5475.0,80
2012-05-02,5420.0,5480.0,5420.0,5480.0,62
2012-05-03,5476.0,5477.0,5460.0,5460.0,24
2012-05-04,5470.0,5490.0,5430.0,5450.0,45
2012-05-05,5420.0,5456.0,5420.0,5452.0,39
2012-05-07,5450.0,5465.0,5442.0,5451.0,45
2012-05-08,5415.0,5456.0,5415.0,5451.0,46
2012-05-10,5471.0,5485.0,5455.0,5485.0,39
2012-05-11,5475.0,5497.0,5475.0,5490.0,47
2012-05-12,5492.0,5497.0,5490.0,5495.0,22
2012-05-14,5492.0,5492.0,5455.0,5455.0,49
2012-05-15,5426.0,5465.0,5405.0,5455.0,30
2012-05-16,5447.0,5451.0,5438.0,5440.0,48
2012-05-17,5445.0,5445.0,5375.0,5375.0,18
2012-05-18,5375.0,5405.0,5375.0,5375.0,35
2012-05-21,5380.0,5425.0,5380.0,5425.0,31
2012-05-22,5421.0,5427.0,5400.0,5427.0,21
2012-05-23,5427.0,5427.0,5406.0,5410.0,33
2012-05-24,5464.0,5465.0,5450.0,5464.0,32
2012-05-25,5456.0,5456.0,5450.0,5451.0,27
2012-05-28,5450.0,5460.0,5450.0,5460.0,32
2012-05-29,5465.0,5467.0,5465.0,5467.0,20
2012-05-30,5460.0,5461.0,5455.0,5461.0,26
2012-05-31,5350.0,5465.0,5350.0,5448.0,32
2012-06-01,5455.0,5455.0,5375.0,5450.0,33
2012-06-04,5447.0,5447.0,5385.0,5385.0,33
2012-06-05,5433.0,5445.0,5433.0,5440.0,32
2012-06-06,5450.0,5460.0,5450.0,5460.0,29
2012-06-07,5450.0,5510.0,5450.0,5510.0,26
2012-06-08,5495.0,5510.0,5485.0,5501.0,21
2012-06-09,5490.0,5510.0,5490.0,5510.0,0
2012-06-13,5510.0,5510.0,5500.0,5503.0,1
2012-06-14,5500.0,5500.0,5485.0,5499.0,3
2012-06-15,5488.0,5495.0,5488.0,5495.0,8
2012-06-18,5498.0,5498.0,5495.0,5498.0,12
2012-06-19,5491.0,5492.0,5480.0,5490.0,12
2012-06-20,5480.0,5496.0,5480.0,5496.0,8
2012-06-21,5500.0,5785.0,5500.0,5785.0,47
2012-06-22,5790.0,5800.0,5785.0,5800.0,8
2012-06-25,5750.0,5800.0,5750.0,5760.0,8
2012-06-26,5755.0,5860.0,5755.0,5860.0,13
2012-06-27,5860.0,5875.0,5760.0,5875.0,7
2012-06-28,5801.0,5872.0,5801.0,5872.0,3
2012-06-29,5825.0,5850.0,5825.0,5850.0,3
2012-07-02,5830.0,5830.0,5751.0,5820.0,3
2012-07-03,5770.0,5910.0,5770.0,5910.0,38
2012-07-04,5905.0,5905.0,5899.0,5905.0,9
2012-07-05,5894.0,5897.0,5850.0,5870.0,10
2012-07-06,5860.0,5862.0,5860.0,5860.0,3
2012-07-09,5850.0,5930.0,5850.0,5850.0,25
2012-07-10,5830.0,5900.0,5825.0,5835.0,10
2012-07-11,5890.0,5890.0,5826.0,5860.0,3
2012-07-12,5831.0,5831.0,5820.0,5825.0,6
2012-07-13,5835.0,5841.0,5830.0,5839.0,3
2012-07-16,5839.0,5920.0,5760.0,5920.0,13
2012-07-17,5921.0,5923.0,5836.0,5906.0,20
2012-07-18,5826.0,5910.0,5826.0,5910.0,21
2012-07-19,5900.0,5950.0,5900.0,5900.0,18
2012-07-20,5890.0,5906.0,5890.0,5906.0,3
2012-07-23,5885.0,5885.0,5826.0,5830.0,26
2012-07-24,5892.0,5950.0,5820.0,5880.0,26
2012-07-25,5870.0,5910.0,5863.0,5910.0,9
2012-07-26,5920.0,5987.0,5895.0,5987.0,13
2012-07-27,5985.0,6030.0,5970.0,6030.0,48
2012-07-30,6037.0,6120.0,5980.0,6080.0,30
2012-07-31,6109.0,6109.0,6056.0,6065.0,6
2012-08-01,6082.0,6092.0,6075.0,6092.0,5
2012-08-02,6070.0,6090.0,6061.0,6066.0,6
2012-08-03,6055.0,6112.0,6055.0,6112.0,12
2012-08-06,6105.0,6118.0,6088.0,6118.0,10
2012-08-07,6089.0,6113.0,6050.0,6113.0,12
2012-08-08,6114.0,6160.0,6092.0,6160.0,19
2012-08-09,6160.0,6160.0,6120.0,6145.0,7
2012-08-10,6120.0,6125.0,6110.0,6110.0,3
2012-08-13,6105.0,6135.0,6100.0,6135.0,6
2012-08-14,6122.0,6222.0,6111.0,6217.0,17
2012-08-15,6182.0,6209.0,6170.0,6206.0,7
2012-08-16,6215.0,6215.0,6185.0,6185.0,1
2012-08-17,6199.0,6200.0,6183.0,6183.0,1
2012-08-20,6181.0,6186.0,6171.0,6172.0,6
2012-08-21,6166.0,6201.0,6166.0,6200.0,10
2012-08-22,6200.0,6207.0,6178.0,6203.0,2
2012-08-23,6217.0,6395.0,6217.0,6395.0,29
2012-08-24,6371.0,6399.0,6365.0,6365.0,5
2012-08-27,6387.0,6387.0,6355.0,6366.0,3
2012-08-28,6354.0,6375.0,6354.0,6375.0,4
2012-08-29,6376.0,6525.0,6360.0,6475.0,26
2012-08-30,6455.0,6487.0,6403.0,6407.0,7
2012-10-02,65.0,66.0,65.0,65.0,4640
2012-10-03,67.3,67.3,66.3,66.3,1800
2012-10-04,66.8,66.8,66.3,66.3,1880
2012-10-05,66.6,67.5,66.5,67.5,1850
2012-10-08,67.6,67.6,66.6,67.1,1670
2012-10-09,66.4,66.4,65.9,66.4,1000
2012-10-10,66.6,66.6,66.1,66.6,2210
2012-10-11,66.7,66.7,66.7,66.7,710
2012-10-12,66.8,66.8,66.3,66.3,540
2012-10-15,67.0,67.0,67.0,67.0,450
2012-10-16,66.9,66.9,66.9,66.9,1700
2012-10-17,67.5,67.5,67.0,67.5,810
2012-10-18,67.3,67.3,67.3,67.3,1590
2012-10-19,67.8,68.2,67.7,67.7,710
2012-10-22,68.0,68.0,68.0,68.0,630
2012-10-23,68.0,68.0,67.5,67.5,800
2012-10-24,67.6,67.8,66.8,67.3,11220
2012-10-25,67.7,67.7,67.7,67.7,340
2012-10-26,67.4,67.4,67.4,67.4,600
2012-10-29,67.3,67.3,67.3,67.3,630
2012-10-30,67.1,67.1,67.1,67.1,640
2012-10-31,67.2,67.2,66.7,67.2,1510
2012-11-01,68.4,68.4,68.4,68.4,400
2012-11-02,68.8,68.8,68.8,68.8,950
2012-11-06,69.4,69.4,68.9,68.9,310
2012-11-07,69.0,69.5,68.5,68.5,1480
2012-11-08,67.8,67.8,66.8,66.8,200
2012-11-09,66.1,67.1,66.1,67.1,3020
2012-11-12,67.2,67.7,67.2,67.7,1370
2012-11-13,68.5,68.5,68.0,68.0,660
2012-11-14,68.0,68.2,67.7,67.7,960
2012-11-15,67.6,67.6,67.1,67.6,1270
2012-11-16,67.8,67.8,67.6,67.6,860
2012-11-19,68.4,69.3,68.4,69.3,2200
2012-11-20,70.9,70.9,70.4,70.4,660
2012-11-21,71.0,71.0,71.0,71.0,1210
2012-11-22,71.8,71.8,71.8,71.8,420
2012-11-23,71.4,71.4,71.4,71.4,600
2012-11-26,71.8,71.8,71.8,71.8,580
2012-11-27,71.6,71.6,71.6,71.6,1140
2012-11-28,71.0,71.0,70.9,70.9,1110
2012-11-29,71.0,71.5,71.0,71.5,3090
2012-11-30,71.7,71.8,71.7,71.8,1560
2012-12-03,72.0,72.5,71.5,71.5,1440
2012-12-04,72.0,72.0,72.0,72.0,300
2012-12-05,71.6,71.6,71.6,71.6,50
2012-12-06,72.0,73.5,72.0,73.5,940
2012-12-07,72.6,72.8,71.8,72.3,1580
2012-12-10,73.6,73.6,72.1,73.1,530
2012-12-11,73.1,73.6,73.1,73.6,290
2012-12-12,73.5,74.0,73.0,74.0,490
2012-12-13,74.5,74.5,74.0,74.0,670
2012-12-14,72.9,73.9,72.9,73.9,1470
2012-12-17,72.4,72.4,72.4,72.4,420
2012-12-18,72.2,72.7,72.2,72.2,890
2012-12-19,72.2,72.2,72.2,72.2,320
2012-12-20,72.4,72.4,72.4,72.4,130
2012-12-21,72.0,72.0,72.0,72.0,80
2012-12-24,71.3,72.3,71.3,72.3,420
2012-12-25,71.3,72.3,71.3,72.3,300
2012-12-26,72.3,73.3,72.3,73.3,560
2012-12-27,73.8,73.8,73.8,73.8,500
2012-12-28,74.0,74.0,74.0,74.0,1350
2013-01-08,75.5,75.5,75.0,75.5,1020
2013-01-09,75.9,76.0,75.0,75.0,690
2013-01-10,74.1,75.1,74.1,75.1,550
2013-01-11,75.0,75.0,75.0,75.0,720
2013-01-14,75.7,75.7,75.7,75.7,740
2013-01-15,76.1,76.6,76.1,76.1,1070
2013-01-16,76.4,76.9,76.4,76.9,1370
2013-01-17,76.9,77.9,76.4,77.9,1310
2013-01-18,77.8,77.8,76.3,77.8,1840
2013-01-21,77.8,77.8,77.3,77.8,2510
2013-01-22,76.4,76.4,76.4,76.4,2790
2013-01-23,75.3,75.8,75.3,75.8,1150
2013-01-24,75.6,75.6,75.6,75.6,960
2013-01-25,75.8,75.8,75.8,75.8,3470
2013-01-28,77.9,77.9,77.4,77.9,1060
2013-01-29,77.4,77.9,77.4,77.4,1350
2013-01-30,77.8,77.8,77.8,77.8,930
2013-01-31,78.0,78.0,77.5,77.5,730
2013-02-01,77.3,77.8,77.3,77.8,750
2013-02-04,77.6,77.6,77.6,77.6,1220
2013-02-05,77.3,77.3,77.3,77.3,770
2013-02-06,77.3,77.3,77.2,77.2,720
2013-02-07,77.3,77.8,77.3,77.3,900
2013-02-08,77.6,77.6,77.6,77.6,500
2013-02-11,78.4,78.4,78.4,78.4,470
2013-02-12,79.0,79.0,77.5,79.0,1120
2013-02-13,80.0,80.0,80.0,80.0,30
2013-02-14,80.0,80.0,79.5,79.5,1180
2013-02-15,79.8,79.8,78.8,78.8,630
2013-02-18,78.0,78.5,77.0,78.5,490
2013-02-19,78.8,78.8,78.8,78.8,670
2013-02-20,79.2,79.2,78.7,78.7,410
2013-02-21,78.0,78.0,77.5,78.0,310
2013-02-22,78.1,78.1,77.6,77.6,380
2013-02-25,78.2,78.2,78.2,78.2,160
2013-02-26,77.8,77.8,77.3,77.8,870
2013-02-27,77.5,78.0,77.0,78.0,370
2013-02-28,77.8,78.3,77.3,77.8,850
2013-03-01,78.4,78.4,78.4,78.4,190
2013-03-04,78.0,78.0,78.0,78.0,100
2013-03-05,78.0,78.0,77.0,78.0,650
2013-03-06,79.8,79.8,78.8,79.8,610
2013-03-07,78.9,79.4,77.4,79.4,450
2013-03-11,79.1,80.1,79.1,80.1,390
2013-03-12,79.5,80.0,79.5,80.0,350
2013-03-13,79.0,79.0,78.0,78.0,670
2013-03-14,79.1,79.6,79.1,79.6,340
2013-03-15,79.8,79.8,79.3,79.3,1190
2013-03-18,79.2,79.2,77.2,77.2,240
2013-03-19,77.6,78.1,77.6,78.1,950
2013-03-20,78.6,79.6,78.6,79.1,560
2013-03-21,79.5,81.0,79.0,80.5,1760
2013-03-22,80.0,81.0,80.0,81.0,1220
2013-03-25,81.5,82.0,81.5,82.0,760
2013-03-26,82.5,82.7,81.7,82.2,350
2013-03-27,82.6,82.6,81.6,81.6,90
2013-03-28,82.0,82.0,81.0,81.5,510
2013-03-29,81.7,81.7,81.2,81.2,270
2013-04-01,81.4,81.4,81.4,81.4,470
2013-04-02,81.3,81.3,81.3,81.3,430
2013-04-03,81.8,81.8,81.8,81.8,260
2013-04-04,81.3,81.3,81.3,81.3,310
2013-04-05,81.1,81.1,81.1,81.1,210
2013-04-08,81.2,81.7,81.2,81.2,430
2013-04-09,81.1,81.6,80.6,81.6,220
2013-04-10,81.5,82.0,81.5,82.0,260
2013-04-11,81.3,81.3,81.3,81.3,280
2013-04-12,82.0,82.0,81.5,81.5,130
2013-04-15,80.0,80.5,80.0,80.5,430
2013-04-16,79.9,79.9,79.9,79.9,220
2013-04-17,80.0,80.0,79.5,80.0,160
2013-04-18,80.7,80.7,80.2,80.2,310
2013-04-19,79.9,80.4,79.9,80.4,290
2013-04-22,80.0,80.0,80.0,80.0,260
2013-04-23,80.5,80.5,80.5,80.5,210
2013-04-24,80.2,80.2,80.2,80.2,210
2013-04-25,80.3,80.3,80.3,80.3,180
2013-04-26,80.4,80.4,80.4,80.4,80
2013-04-29,80.2,80.2,80.2,80.2,250
2013-04-30,80.4,80.4,80.4,80.4,230
2013-05-02,80.1,80.1,80.1,80.1,120
2013-05-03,81.0,81.0,81.0,81.0,450
2013-05-06,81.2,81.7,81.2,81.2,290
2013-05-07,81.5,82.0,81.5,81.5,210
2013-05-08,82.1,83.1,82.1,83.1,810
2013-05-10,83.7,83.7,82.2,83.7,220
2013-05-13,83.8,83.8,81.8,83.8,880
2013-05-14,81.5,82.5,81.5,82.5,310
2013-05-15,83.0,83.0,83.0,83.0,50
2013-05-16,82.3,82.8,82.3,82.8,170
2013-05-17,84.0,84.0,83.0,83.0,110
2013-05-20,82.7,82.7,82.2,82.7,170
2013-05-21,81.9,81.9,81.9,81.9,40
2013-05-22,80.0,81.0,79.0,79.5,350
2013-05-23,80.9,80.9,80.9,80.9,120
2013-05-24,80.9,81.4,80.9,81.4,110
2013-05-27,81.1,81.6,81.1,81.6,100
2013-05-28,82.0,83.0,82.0,83.0,210
2013-05-29,82.1,82.1,82.1,82.1,120
2013-05-30,81.8,81.8,81.8,81.8,70
2013-05-31,81.6,82.1,81.6,81.6,100
2013-06-03,81.7,82.2,81.7,82.2,70
2013-06-04,81.7,82.2,81.7,82.2,300
2013-06-05,82.0,82.0,81.5,81.5,80
2013-06-06,81.6,81.6,81.6,81.6,60
2013-06-07,81.8,81.8,81.8,81.8,40
2013-06-10,81.7,81.7,81.7,81.7,20
2013-06-11,81.8,81.8,81.8,81.8,70
2013-06-13,81.8,81.8,81.3,81.3,70
2013-06-14,81.8,81.8,81.8,81.8,40
2013-06-17,81.9,82.4,81.9,82.4,180
2013-06-18,82.4,82.4,81.4,81.4,1270
2013-06-19,81.9,81.9,81.9,81.9,1020
2013-06-20,81.6,81.6,81.6,81.6,560
2013-06-21,82.0,82.0,82.0,82.0,810
2013-06-24,82.5,82.5,82.5,82.5,1400
2013-06-25,83.4,83.4,82.4,82.9,1200
2013-06-26,83.2,83.2,81.7,82.2,1220
2013-06-27,83.5,83.5,83.5,83.5,1350
2013-06-28,83.2,83.2,83.2,83.2,810
2013-07-01,83.2,83.2,83.2,83.2,350
2013-07-02,84.0,84.0,83.5,83.5,40
2013-07-03,83.4,83.4,83.4,83.4,700
2013-07-04,83.9,83.9,83.9,83.9,1300
2013-07-05,84.3,84.3,84.3,84.3,1170
2013-07-08,85.0,85.0,85.0,85.0,920
2013-07-09,84.7,84.7,84.7,84.7,510
2013-07-10,84.9,84.9,84.9,84.9,760
2013-07-11,85.7,85.7,85.7,85.7,160
2013-07-12,86.1,86.1,85.6,85.6,460
2013-07-16,85.2,85.9,84.4,84.4,1500
2013-07-17,85.2,85.2,85.2,85.2,1340
2013-07-18,85.1,85.1,85.1,85.1,1320
2013-07-19,88.4,88.9,87.9,88.9,970
2013-07-22,90.0,90.0,90.0,90.0,280
2013-07-23,89.7,89.7,86.5,87.5,680
2013-07-24,86.3,86.3,85.8,85.8,710
2013-07-25,85.9,85.9,85.9,85.9,980
2013-07-26,88.0,89.0,87.0,88.0,1470
2013-07-29,88.0,88.0,86.5,87.0,1140
2013-07-30,86.3,86.3,84.8,84.8,780
2013-07-31,84.2,84.2,84.2,84.2,1330
2013-08-01,84.1,85.1,84.1,84.6,780
2013-08-02,83.4,83.4,81.4,81.4,1580
2013-08-05,82.1,82.1,82.1,82.1,550
2013-08-06,81.0,81.0,80.8,80.8,40
2013-08-07,80.7,80.7,80.7,80.7,830
2013-08-08,81.7,82.2,81.7,82.2,1290
2013-08-09,83.4,83.4,83.4,83.4,1220
2013-08-12,82.5,84.0,82.5,84.0,1370
2013-08-13,83.7,83.7,83.7,83.7,960
2013-08-14,84.9,84.9,84.9,84.9,1390
2013-08-15,83.8,83.8,83.8,83.8,880
2013-08-16,84.3,84.3,84.3,84.3,1260
2013-08-19,83.2,83.2,83.1,83.1,70
2013-08-20,82.0,82.0,81.9,81.9,40
2013-08-21,82.1,82.1,82.1,82.1,590
2013-08-22,83.2,83.9,83.2,83.9,120
2013-08-23,83.8,83.8,82.3,83.3,1600
2013-08-26,83.1,83.1,83.1,83.1,170
2013-08-27,84.4,84.4,80.9,82.4,1630
2013-08-28,82.0,82.0,82.0,82.0,870
2013-08-29,82.1,82.1,82.1,82.1,390
2013-08-30,80.3,80.3,80.3,80.3,1190
2013-09-02,82.0,82.0,81.5,82.0,30
2013-09-03,81.0,81.0,81.0,81.0,20
2013-09-04,80.8,80.8,80.3,80.3,90
2013-09-05,82.0,82.0,82.0,82.0,80
2013-09-06,81.0,81.7,80.7,81.7,340
2013-09-09,81.9,81.9,81.9,81.9,10
2013-09-11,81.4,81.9,81.4,81.9,30
2013-09-12,82.0,82.0,82.0,82.0,30
2013-09-13,82.8,82.8,82.8,82.8,30
2013-09-17,82.4,83.9,82.4,82.4,210
2013-09-18,78.0,82.0,78.0,82.0,1890
2013-09-19,81.1,83.1,81.1,83.1,70
2013-09-20,83.8,84.0,83.8,84.0,60
2013-09-23,84.0,84.6,83.1,83.6,920
2013-09-24,83.8,84.0,82.5,83.5,2110
2013-09-25,82.5,82.5,82.5,82.5,10
2013-09-27,83.0,83.0,83.0,83.0,580
2013-09-30,82.5,82.5,82.5,82.5,100
2013-10-01,82.9,82.9,82.9,82.9,30
2013-10-02,84.0,84.0,84.0,84.0,70
2013-10-03,82.1,84.6,81.6,82.6,4320
2013-10-04,83.2,83.2,83.2,83.2,610
2013-10-07,83.0,83.0,83.0,83.0,810
2013-10-08,83.0,83.0,83.0,83.0,340
2013-10-09,81.8,82.8,81.8,82.8,680
2013-10-11,81.8,82.3,81.8,82.3,880
2013-10-14,82.0,83.5,82.0,83.5,480
2013-10-15,84.4,85.9,83.4,85.9,490
2013-10-16,86.0,86.0,85.5,86.0,60
2013-10-17,86.7,86.7,85.7,85.7,1900
2013-10-18,85.9,86.4,84.4,86.4,4240
2013-10-21,87.5,87.5,87.0,87.0,2580
2013-10-22,87.4,87.4,87.4,87.4,20
2013-10-23,87.5,87.5,87.0,87.0,3010
2013-10-24,89.0,89.0,88.5,88.5,100
2013-10-25,88.0,88.5,88.0,88.5,1990
2013-10-28,89.0,89.0,88.0,89.0,3330
2013-10-29,88.0,88.5,87.5,87.5,1140
2013-10-30,88.8,89.3,88.8,89.3,910
2013-10-31,90.0,90.0,89.5,89.5,680
2013-11-01,89.6,89.6,89.6,89.6,640
2013-11-05,90.1,90.6,90.1,90.6,290
2013-11-06,92.8,92.8,91.8,91.8,1470
2013-11-07,91.5,92.0,91.0,92.0,870
2013-11-08,91.0,92.0,91.0,91.5,3960
2013-11-11,92.2,92.7,92.2,92.2,2240
2013-11-12,92.8,93.3,92.3,93.3,2250
2013-11-13,92.9,92.9,91.9,91.9,2690
2013-11-14,93.7,93.7,93.7,93.7,1850
2013-11-15,92.1,92.1,92.1,92.1,120
2013-11-18,93.8,93.8,91.8,93.8,2940
2013-11-19,93.0,94.5,93.0,94.0,1480
2013-11-20,95.0,97.0,95.0,95.0,150
2013-11-21,95.2,95.2,94.2,94.7,1030
2013-11-22,94.0,96.0,94.0,96.0,640
2013-11-25,96.0,96.0,95.0,96.0,170
2013-11-27,95.4,95.9,94.4,95.4,2430
2013-11-28,96.2,97.2,96.2,97.2,410
2013-11-29,97.1,97.1,97.1,97.1,1400
2013-12-02,97.0,97.5,97.0,97.5,980
2013-12-03,98.5,98.5,97.0,97.0,220
2013-12-04,96.0,97.5,96.0,97.5,100
2013-12-05,97.2,98.7,97.2,98.7,820
2013-12-06,100.5,100.5,99.0,99.0,40
2013-12-09,99.9,99.9,99.4,99.4,440
2013-12-10,98.6,98.6,98.6,98.6,1210
2013-12-11,98.9,99.4,98.4,99.4,1230
2013-12-12,100.9,101.9,100.4,101.4,1090
2013-12-13,100.0,101.0,99.5,99.5,1240
2013-12-16,99.8,100.3,99.3,100.3,1340
2013-12-17,99.8,99.8,99.8,99.8,1280
2013-12-18,101.2,102.7,101.2,102.2,90
2013-12-19,100.0,100.0,100.0,100.0,10
2013-12-20,100.9,101.9,100.9,101.9,1110
2013-12-23,102.2,102.2,101.2,101.2,20
2013-12-24,103.0,103.5,101.5,103.5,90
2013-12-25,103.1,103.1,103.1,103.1,30
2013-12-26,103.2,103.2,103.2,103.2,20
2013-12-27,103.0,103.0,102.0,102.0,20
2013-12-30,102.0,102.5,102.0,102.5,40
2014-01-06,101.3,101.3,101.3,101.3,20
2014-01-08,101.0,102.5,101.0,102.5,30
2014-01-09,101.0,101.0,101.0,101.0,810
2014-01-10,101.0,102.0,101.0,102.0,1380
2014-01-13,101.0,101.5,100.5,101.5,620
2014-01-14,102.0,102.0,101.5,102.0,170
2014-01-15,101.9,102.9,101.9,101.9,460
2014-01-16,103.0,103.0,103.0,103.0,60
2014-01-17,103.0,103.0,103.0,103.0,520
2014-01-20,102.8,105.3,102.8,105.3,50
2014-01-21,104.1,105.6,104.1,105.6,150
2014-01-22,105.2,105.2,103.2,103.2,390
2014-01-23,103.6,103.6,103.6,103.6,710
2014-01-24,103.5,103.5,103.5,103.5,420
2014-01-27,102.1,104.1,102.1,102.6,320
2014-01-28,102.1,102.6,102.1,102.6,270
2014-01-29,102.9,102.9,102.9,102.9,970
2014-01-30,101.8,101.8,101.8,101.8,1020
2014-01-31,101.5,101.5,101.5,101.5,340
2014-02-03,101.4,101.4,101.4,101.4,500
2014-02-04,101.5,101.5,101.5,101.5,370
2014-02-05,102.1,103.6,102.1,103.6,1020
2014-02-06,104.1,106.6,104.1,106.6,1760
2014-02-07,105.1,106.1,105.1,106.1,1330
2014-02-10,105.3,105.8,105.3,105.8,890
2014-02-11,106.2,106.2,105.7,106.2,450
2014-02-12,106.1,107.1,106.1,107.1,1870
2014-02-13,107.1,107.6,106.6,107.1,1030
2014-02-14,104.5,107.0,104.5,107.0,1110
2014-02-17,109.2,110.6,109.2,110.6,710
2014-02-18,108.8,108.8,107.8,107.8,1980
2014-02-19,108.4,108.4,108.4,108.4,680
2014-02-20,107.0,107.0,106.5,106.5,1400
2014-02-21,106.1,106.1,106.1,106.1,10
2014-02-24,105.6,105.6,105.6,105.6,10
2014-02-25,105.2,106.4,105.2,106.4,900
2014-02-26,107.5,108.5,107.0,108.5,810
2014-02-27,108.5,108.5,107.5,107.5,1610
2014-02-28,107.4,107.4,107.4,107.4,480
2014-03-03,104.2,104.2,101.2,102.7,1890
2014-03-04,103.1,104.1,103.1,104.1,210
2014-03-05,106.1,106.1,106.1,106.1,460
2014-03-06,106.6,106.6,104.6,104.6,690
2014-03-07,105.2,108.2,105.2,107.2,2730
2014-03-11,105.9,107.9,104.9,107.9,90
2014-03-12,108.0,108.5,107.0,107.0,2200
2014-03-13,104.9,106.4,104.9,106.4,810
2014-03-14,107.1,107.1,106.1,106.6,1590
2014-03-17,106.2,107.2,105.2,106.7,1240
2014-03-18,108.9,109.4,108.9,109.4,1170
2014-03-19,112.5,112.5,111.0,111.0,1520
2014-03-20,111.7,111.7,111.7,111.7,420
2014-03-21,109.1,112.1,109.1,112.1,890
2014-03-24,111.1,113.1,111.1,112.1,900
2014-03-25,111.8,123.8,111.8,123.8,2170
2014-03-26,123.4,126.4,123.4,126.4,1090
2014-03-27,126.1,126.1,126.1,126.1,790
2014-03-28,126.1,127.6,126.1,126.1,240
2014-04-01,127.0,128.0,125.5,127.5,550
2014-04-02,128.8,128.8,128.8,128.8,60
2014-04-03,127.9,128.4,127.4,127.9,1340
2014-04-04,126.4,126.9,124.4,124.9,420
2014-04-07,126.4,128.2,126.2,127.2,980
2014-04-08,126.5,127.0,126.5,127.0,240
2014-04-09,127.4,129.4,127.4,129.4,620
2014-04-10,128.0,128.1,126.1,128.1,230
2014-04-11,127.7,128.7,127.7,127.7,390
2014-04-14,126.1,127.1,126.1,127.1,280
2014-04-15,126.4,126.9,126.4,126.9,1500
2014-04-16,126.5,128.0,126.5,128.0,550
2014-04-18,127.6,127.6,127.6,127.6,910
2014-04-21,128.2,128.2,127.7,127.7,170
2014-04-22,128.8,129.3,128.8,129.3,590
2014-04-23,128.8,129.3,128.8,128.8,230
2014-04-24,128.7,128.7,128.7,128.7,290
2014-04-25,127.2,127.2,127.2,127.2,10
2014-04-28,127.5,127.5,127.5,127.5,440
2014-05-06,128.9,129.2,128.9,129.2,20
2014-05-07,126.8,126.8,126.8,126.8,440
2014-05-08,127.9,127.9,125.9,125.9,640
2014-05-12,126.8,126.8,126.8,126.8,110
2014-05-13,126.0,127.0,126.0,127.0,90
2014-05-14,127.5,127.5,125.2,127.2,1260
2014-05-16,127.3,127.3,127.3,127.3,190
2014-05-19,128.5,128.5,127.5,128.5,1250
2014-05-20,127.0,129.0,127.0,128.5,2110
2014-05-21,130.1,130.6,130.1,130.6,1360
2014-05-22,130.7,130.7,129.2,129.2,3930
2014-05-23,129.6,130.6,127.6,130.6,2890
2014-05-26,128.0,133.0,128.0,131.0,1220
2014-05-27,128.1,130.1,128.1,130.1,30
2014-05-28,129.8,130.3,128.3,130.3,40
2014-05-29,130.2,130.2,130.2,130.2,20
2014-05-30,130.5,130.5,130.5,130.5,30
2014-06-02,130.0,131.5,130.0,131.0,690
2014-06-03,130.2,132.2,130.2,132.2,740
2014-06-04,133.9,133.9,131.9,131.9,120
2014-06-05,131.5,131.5,131.5,131.5,220
2014-06-06,132.1,134.1,132.1,134.1,230
2014-06-09,132.7,133.2,132.7,132.7,440
2014-06-10,133.9,133.9,131.4,131.4,110
2014-06-11,132.5,134.0,131.0,134.0,710
2014-06-16,133.7,134.2,133.7,133.7,580
2014-06-17,131.9,131.9,131.9,131.9,170
2014-06-18,131.1,132.1,131.1,131.6,240
2014-06-19,131.0,131.5,131.0,131.5,820
2014-06-20,132.1,132.1,132.1,132.1,340
2014-06-23,132.2,132.2,131.7,131.7,70
2014-06-24,131.8,133.8,131.8,133.8,460
2014-06-25,132.0,134.0,132.0,134.0,170
2014-06-26,133.9,135.9,133.9,135.9,820
2014-06-27,135.3,135.3,135.3,135.3,770
2014-06-30,135.8,137.3,135.8,137.3,900
2014-07-01,135.5,136.5,135.5,135.5,820
2014-07-02,136.8,136.8,136.8,136.8,460
2014-07-03,138.4,138.4,138.4,138.4,380
2014-07-04,138.7,139.2,136.7,137.7,1080
2014-07-07,139.2,140.7,139.2,140.7,290
2014-07-08,141.6,144.1,141.1,144.1,600
2014-07-09,142.7,142.7,142.2,142.7,630
2014-07-10,143.1,143.6,143.1,143.6,60
2014-07-11,143.5,144.0,143.0,144.0,360
2014-07-14,143.1,144.1,143.1,143.6,550
2014-07-15,143.1,144.6,143.1,144.6,80
2014-07-16,145.7,145.7,143.2,145.2,590
2014-07-17,145.1,145.1,142.6,142.6,40
2014-07-18,142.1,142.1,142.1,142.1,710
2014-07-21,138.8,139.3,136.3,136.3,360
2014-07-22,137.3,137.3,136.8,136.8,710
2014-07-23,137.7,138.2,137.7,138.2,790
2014-07-25,137.7,138.2,135.7,135.7,770
2014-07-28,135.2,137.2,135.2,137.2,620
2014-07-29,136.9,137.4,135.4,137.4,470
2014-07-30,135.5,139.0,135.5,137.0,960
2014-07-31,136.1,136.6,136.1,136.1,660
2014-08-01,130.7,136.3,130.7,136.3,460
2014-08-04,136.9,136.9,135.9,135.9,520
2014-08-05,137.2,137.7,137.2,137.7,150
2014-08-06,138.0,138.0,138.0,138.0,670
2014-08-07,137.0,137.0,137.0,137.0,810
2014-08-08,137.0,138.0,135.0,138.0,890
2014-08-11,139.5,139.5,129.0,139.0,2580
2014-08-12,135.0,135.0,135.0,135.0,70
2014-08-13,134.6,139.1,131.6,139.1,760
2014-08-14,140.0,140.0,137.5,137.5,430
2014-08-15,138.0,138.0,137.5,138.0,270
2014-08-18,142.0,142.0,139.0,139.0,570
2014-08-19,139.1,139.1,138.1,139.1,410
2014-08-20,139.8,140.8,138.8,138.8,270
2014-08-21,137.1,137.6,137.1,137.1,200
2014-08-22,136.0,137.0,134.0,134.0,130
2014-08-25,135.3,135.3,130.8,134.3,680
2014-08-26,130.2,133.7,129.2,132.7,1120
2014-08-27,131.2,131.7,120.7,121.7,1120
2014-08-28,122.6,122.6,119.1,119.1,80
2014-08-29,119.6,126.1,119.6,126.1,480
2014-09-01,123.9,123.9,111.4,114.9,2360
2014-09-02,116.0,116.0,114.0,114.0,230
2014-09-03,114.2,114.2,114.2,114.2,40
2014-09-04,114.1,114.1,104.1,105.6,1220
2014-09-05,103.0,105.0,101.0,105.0,1650
2014-09-08,110.1,110.1,100.1,102.1,50
2014-09-09,101.0,103.0,94.5,97.5,210
2014-09-10,99.2,104.7,99.2,104.7,30
2014-09-11,107.0,113.5,106.5,113.5,490
2014-09-12,131.0,139.4,114.5,117.5,170
2014-09-15,123.0,123.0,123.0,123.0,10
2014-09-17,115.2,119.0,115.0,119.0,530
2014-09-18,123.9,132.8,115.8,115.8,320
2014-09-19,115.0,120.0,115.0,115.0,220
2014-09-22,127.0,127.0,115.0,115.0,70
2014-09-23,120.0,125.0,115.0,115.0,140
2014-09-24,115.4,135.5,110.0,126.0,760
2014-09-25,115.5,133.5,115.0,116.5,190
2014-09-26,115.5,124.5,115.5,120.5,120
2014-09-29,125.0,135.2,120.7,120.7,180
2014-09-30,120.0,120.0,114.5,116.0,610
2014-10-01,113.0,120.0,113.0,120.0,150
2014-10-02,115.5,115.5,115.0,115.0,30
2014-10-03,118.5,119.0,115.0,115.0,60
2014-10-06,119.5,123.0,119.5,123.0,50
2014-10-07,116.5,116.5,116.0,116.0,520
2014-10-08,115.0,115.0,115.0,115.0,50
2014-10-09,115.5,115.5,111.5,115.0,70
2014-10-10,105.5,119.0,105.5,111.0,160
2014-10-13,112.5,116.0,111.0,116.0,210
2014-10-14,115.0,125.0,114.5,125.0,540
2014-10-15,115.0,116.0,115.0,115.5,230
2014-10-16,111.0,118.0,111.0,113.0,560
2014-10-17,112.5,113.0,112.5,113.0,550
2014-10-20,112.5,112.5,112.0,112.0,70
2014-10-21,111.0,111.0,111.0,111.0,20
2014-10-24,110.5,111.0,110.5,111.0,100
2014-10-27,111.5,111.5,111.5,111.5,10
2014-10-28,111.0,111.0,111.0,111.0,30
2014-10-29,112.5,113.5,112.0,112.5,610
2014-10-30,113.0,114.0,112.5,114.0,430
2014-10-31,113.0,113.0,111.0,111.0,720
2014-11-03,111.5,111.5,111.5,111.5,10
2014-11-05,111.0,111.0,109.5,109.5,530
2014-11-06,108.5,111.0,108.0,111.0,110
2014-11-10,108.0,108.5,108.0,108.5,60
2014-11-11,109.0,109.0,108.5,108.5,20
2014-11-12,109.5,109.5,108.5,108.5,30
2014-11-13,108.0,108.0,106.0,106.0,630
2014-11-14,106.0,106.0,102.0,102.0,680
2014-11-17,103.0,103.0,103.0,103.0,20
2014-11-18,103.0,107.0,103.0,107.0,110
2014-11-19,107.0,107.0,107.0,107.0,10
2014-11-24,107.0,107.0,107.0,107.0,10
2014-11-27,108.5,108.5,108.5,108.5,10
2014-12-02,104.5,107.0,104.5,107.0,30
2014-12-03,106.5,106.5,106.5,106.5,10
2014-12-08,103.0,103.0,90.0,97.0,2610
2014-12-09,95.0,95.0,92.0,95.0,4010
2014-12-10,100.0,100.0,95.0,95.0,110
2014-12-11,95.5,100.0,95.0,95.0,100
2014-12-12,99.0,99.0,99.0,99.0,20
2014-12-15,95.5,95.5,95.0,95.0,130
2014-12-16,95.0,95.5,95.0,95.0,220
2014-12-17,105.0,105.0,105.0,105.0,10
2014-12-18,98.5,100.0,95.0,95.5,110
2014-12-19,95.5,95.5,95.0,95.0,30
2014-12-22,100.0,100.0,100.0,100.0,10
2014-12-26,96.0,96.0,96.0,96.0,10
2014-12-29,95.0,95.0,95.0,95.0,30
2014-12-30,94.5,94.5,94.5,94.5,50
2015-01-08,99.0,99.0,99.0,99.0,10
2015-01-09,90.0,90.0,90.0,90.0,10
2015-01-12,88.0,90.0,88.0,90.0,20
2015-01-13,95.0,95.0,90.5,90.5,30
2015-01-14,99.5,99.5,90.0,90.0,120
2015-01-15,90.0,94.5,88.0,94.5,100
2015-01-19,98.5,98.5,98.5,98.5,10
2015-01-20,97.5,98.0,97.5,98.0,30
2015-01-22,96.0,96.0,91.0,91.0,30
2015-01-23,99.0,99.0,99.0,99.0,10
2015-01-26,97.5,105.0,97.5,105.0,80
2015-01-27,92.0,92.0,92.0,92.0,10
2015-01-29,93.0,93.0,93.0,93.0,10
2015-02-09,105.0,105.0,105.0,105.0,10
2015-02-11,105.0,107.0,99.0,100.0,480
2015-02-12,100.0,104.5,97.0,104.5,30
2015-02-13,105.0,111.0,105.0,110.0,160
2015-02-17,102.0,102.0,101.0,101.0,40
2015-02-19,106.0,107.0,106.0,107.0,220
2015-02-20,97.0,108.0,97.0,108.0,30
2015-02-26,98.0,98.0,98.0,98.0,10
2015-02-27,100.5,100.5,100.5,100.5,10
2015-03-03,98.5,98.5,98.5,98.5,30
2015-03-04,100.0,100.0,100.0,100.0,10
2015-03-05,100.0,100.0,100.0,100.0,10
2015-03-06,106.0,106.0,106.0,106.0,20
2015-03-11,107.0,107.0,106.0,106.0,40
2015-03-12,100.5,100.5,100.5,100.5,30
2015-03-13,100.0,106.0,100.0,100.0,40
2015-03-17,105.5,107.0,99.0,99.0,140
2015-03-19,106.0,106.0,106.0,106.0,10
2015-03-23,106.5,106.5,106.5,106.5,10
2015-03-24,98.5,98.5,85.5,94.0,120
2015-03-25,98.0,99.5,93.5,93.5,30
2015-03-26,95.5,95.5,92.5,92.5,20
2015-03-27,91.0,95.0,91.0,95.0,20
2015-03-30,89.5,89.5,89.5,89.5,10
2015-03-31,99.0,99.0,99.0,99.0,20
2015-04-06,90.5,94.0,90.0,94.0,180
2015-04-07,95.0,95.0,95.0,95.0,10
2015-04-08,91.0,91.0,91.0,91.0,30
2015-04-09,90.5,91.0,90.5,91.0,780
2015-04-10,89.0,90.0,89.0,90.0,20
2015-04-13,95.5,95.5,95.5,95.5,10
2015-04-14,95.0,95.0,94.5,95.0,30
2015-04-20,95.0,95.0,95.0,95.0,10
2015-04-21,89.0,89.0,80.0,86.0,630
2015-04-22,82.5,89.5,82.5,82.5,100
2015-04-23,82.0,94.0,81.0,82.0,610
2015-04-24,82.5,82.5,80.0,80.0,60
2015-04-27,84.5,84.5,84.5,84.5,10
2015-04-28,82.0,82.0,81.5,81.5,60
2015-04-30,83.5,83.5,83.5,83.5,10
2015-05-05,85.0,85.0,80.0,80.0,170
2015-05-06,79.0,79.0,79.0,79.0,70
2015-05-07,81.5,85.0,80.5,85.0,90
2015-05-08,81.0,83.0,81.0,83.0,40
2015-05-12,85.0,85.0,82.0,82.0,20
2015-05-13,83.5,84.0,81.0,84.0,110
2015-05-14,84.0,84.0,80.0,81.5,150
2015-05-15,80.5,83.0,78.5,79.0,150
2015-05-18,79.0,82.0,78.5,82.0,140
2015-05-19,84.0,88.0,82.5,82.5,290
2015-05-20,82.5,92.5,82.5,92.0,130
2015-05-22,91.5,91.5,83.5,83.5,80
2015-05-26,94.5,94.5,81.0,88.0,130
2015-05-28,81.0,89.0,81.0,89.0,130
2015-06-01,82.0,88.0,82.0,83.0,30
2015-06-02,88.0,90.0,84.0,84.0,80
2015-06-03,89.0,89.0,87.5,87.5,30
2015-06-04,86.5,88.0,86.0,88.0,60
2015-06-05,88.0,94.0,88.0,88.0,100
2015-06-08,90.0,90.0,89.0,89.0,30
2015-06-09,86.0,86.0,86.0,86.0,30
2015-06-10,88.0,88.5,87.0,87.0,50
2015-06-11,87.5,87.5,86.0,86.0,100
2015-06-15,88.0,88.0,87.5,87.5,40
2015-06-16,87.5,87.5,87.5,87.5,10
2015-06-17,88.0,88.0,88.0,88.0,10
2015-06-18,89.0,98.0,88.5,97.0,140
2015-06-19,88.0,88.0,88.0,88.0,10
2015-06-22,92.0,92.0,91.0,91.0,40
2015-06-23,92.0,92.0,90.0,90.0,20
2015-06-24,90.0,90.0,89.0,89.0,40
2015-06-26,89.0,91.5,89.0,91.5,140
2015-06-29,92.5,93.0,92.5,93.0,30
2015-06-30,94.0,94.0,94.0,94.0,10
2015-07-01,93.0,93.0,93.0,93.0,20
2015-07-02,93.0,94.0,93.0,93.5,30
2015-07-06,95.0,95.0,95.0,95.0,10
2015-07-07,95.0,95.0,93.0,93.0,60
2015-07-08,91.0,91.0,90.5,90.5,20
2015-07-13,90.5,90.5,90.5,90.5,60
2015-07-17,91.5,92.0,91.5,92.0,80
2015-07-20,91.0,91.0,89.5,89.5,70
2015-07-23,90.0,90.0,90.0,90.0,10
2015-07-24,89.5,89.5,89.5,89.5,20
2015-07-28,88.5,88.5,88.5,88.5,30
2015-07-30,91.0,91.5,91.0,91.5,20
2015-07-31,92.0,92.0,92.0,92.0,20
2015-08-03,92.0,92.0,92.0,92.0,10
2015-08-04,92.0,92.0,92.0,92.0,10
2015-08-06,92.5,105.0,81.0,85.0,1790
2015-08-07,89.0,89.0,89.0,89.0,60
2015-08-10,85.0,92.0,84.0,88.0,150
2015-08-11,88.5,88.5,88.0,88.0,540
2015-08-12,87.0,87.0,83.0,83.0,280
2015-08-13,85.5,85.5,85.5,85.5,70
2015-08-14,87.5,89.0,87.5,89.0,50
2015-08-17,89.0,89.0,89.0,89.0,10
2015-08-19,87.0,87.0,87.0,87.0,10
2015-08-20,85.0,89.5,85.0,89.5,60
2015-08-24,85.0,92.5,84.0,90.0,650
2015-08-25,92.5,104.0,92.5,95.0,590
2015-08-26,107.0,107.0,98.0,104.0,80
2015-09-01,104.5,118.0,104.5,118.0,420
2015-09-02,100.0,116.5,100.0,100.0,320
2015-09-08,107.5,118.0,107.5,118.0,130
2015-09-09,103.0,112.5,102.5,112.5,50
2015-09-16,103.5,103.5,103.5,103.5,10
2015-09-17,99.5,114.0,99.5,114.0,100
2015-09-21,102.5,102.5,102.5,102.5,10
2015-09-22,100.5,104.0,99.5,104.0,220
2015-09-23,113.5,114.0,103.5,103.5,70
2015-09-24,105.0,105.0,105.0,105.0,20
2015-09-25,102.0,102.0,102.0,102.0,240
2015-09-28,104.0,104.0,104.0,104.0,50
2015-09-29,103.0,103.0,103.0,103.0,10
2015-10-01,102.0,102.0,102.0,102.0,40
2015-10-02,100.5,103.5,100.5,102.0,200
2015-10-05,101.0,102.0,101.0,101.5,40
2015-10-06,100.5,102.5,100.5,102.5,30
2015-10-07,100.0,101.0,100.0,101.0,30
2015-10-08,100.0,103.5,100.0,103.5,40
2015-10-12,100.5,100.5,100.0,100.0,30
2015-10-14,103.0,103.0,103.0,103.0,100
2015-10-20,101.0,101.0,101.0,101.0,20
2015-10-21,105.0,119.0,104.0,119.0,60
2015-10-22,105.0,105.0,103.0,104.0,90
2015-10-23,104.0,104.0,102.5,102.5,30
2015-10-26,104.0,104.5,104.0,104.5,30
2015-10-27,104.0,104.0,104.0,104.0,10
2015-10-30,101.0,103.5,101.0,103.5,30
2015-11-03,102.5,102.5,102.5,102.5,20
2015-11-16,103.5,103.5,101.0,101.0,70
2015-11-23,99.0,100.0,99.0,99.0,30
2015-11-25,103.0,103.0,103.0,103.0,100
2015-12-07,103.0,103.0,95.5,95.5,20
2015-12-08,95.0,99.0,87.0,99.0,40
2015-12-10,97.5,100.0,93.0,93.0,110
2015-12-15,93.0,93.0,93.0,93.0,10
2015-12-18,93.5,93.5,93.0,93.0,30
2015-12-23,98.0,98.0,98.0,98.0,10
2015-12-24,93.5,93.5,91.0,91.0,60
2015-12-28,95.5,95.5,93.5,93.5,20
2015-12-29,95.5,95.5,95.5,95.5,10
2015-12-30,99.5,99.5,99.5,99.5,10
2016-01-04,91.0,91.0,90.5,90.5,20
2016-01-06,88.5,88.5,87.5,87.5,100
2016-01-11,93.5,93.5,87.5,87.5,110
2016-01-12,88.0,88.0,85.0,87.0,140
2016-01-13,89.5,89.5,89.5,89.5,10
2016-01-15,85.5,85.5,85.0,85.0,60
2016-01-18,90.0,90.0,90.0,90.0,10
2016-01-19,85.5,91.0,85.5,91.0,90
2016-01-20,91.5,104.5,91.5,101.0,230
2016-01-21,96.0,96.0,96.0,96.0,50
2016-01-22,95.0,95.0,95.0,95.0,10
2016-01-26,95.0,107.0,95.0,96.5,340
2016-01-27,96.5,97.0,96.5,97.0,80
2016-01-28,97.0,101.0,97.0,101.0,190
2016-01-29,97.0,113.0,97.0,113.0,560
2016-02-01,106.0,120.0,106.0,106.5,210
2016-02-02,116.0,116.0,116.0,116.0,120
2016-02-03,119.5,120.0,119.5,120.0,90
2016-02-04,108.0,108.0,108.0,108.0,30
2016-02-08,104.5,104.5,103.0,103.0,50
2016-02-09,100.5,100.5,100.5,100.5,10
2016-02-11,109.0,109.0,109.0,109.0,10
2016-02-20,102.5,118.0,102.5,118.0,50
2016-02-24,102.5,110.0,102.5,109.0,30
2016-02-25,101.0,108.0,101.0,108.0,60
2016-02-26,110.0,112.0,103.0,103.0,150
2016-02-29,110.0,111.0,102.0,102.0,130
2016-03-01,110.5,112.5,101.0,101.0,240
2016-03-02,109.5,109.5,109.5,109.5,60
2016-03-03,104.5,105.5,104.5,105.5,80
2016-03-04,102.0,105.0,101.5,105.0,40
2016-03-10,105.5,105.5,105.0,105.5,120
2016-03-11,105.5,112.0,105.5,112.0,180
2016-03-14,109.5,110.0,104.5,110.0,100
2016-03-16,109.5,110.0,109.5,110.0,370
2016-03-17,102.5,102.5,102.5,102.5,10
2016-03-18,102.5,104.0,98.0,103.0,520
2016-03-21,98.5,101.5,86.0,91.5,690
2016-03-22,98.0,100.0,89.0,92.5,1050
2016-03-23,94.5,94.5,93.0,93.0,200
2016-03-24,93.5,93.5,90.5,90.5,260
2016-03-25,92.5,93.0,82.5,85.0,1990
2016-03-28,86.0,91.5,85.0,89.5,1330
2016-03-29,89.0,89.0,83.5,84.5,1260
2016-03-30,85.0,86.5,80.5,82.0,2830
2016-03-31,83.0,85.0,82.0,84.0,860
2016-04-01,83.5,86.0,82.0,85.0,820
2016-04-04,85.0,86.0,82.5,86.0,120
2016-04-05,85.5,90.0,83.0,88.5,770
2016-04-06,90.0,90.0,86.0,86.0,90
2016-04-07,89.5,89.5,88.0,89.0,110
2016-04-08,89.5,90.0,85.0,88.0,140
2016-04-11,87.0,88.5,85.0,86.5,200
2016-04-12,86.5,88.0,84.0,86.5,100
2016-04-13,86.5,87.0,85.0,85.5,170
2016-04-14,85.5,88.0,84.0,88.0,130
2016-04-15,87.0,87.0,84.0,86.0,180
2016-04-18,85.0,86.5,83.5,85.5,360
2016-04-19,87.0,90.0,82.5,86.0,340
2016-04-20,85.5,87.0,83.5,87.0,190
2016-04-21,85.5,87.5,82.5,86.5,470
2016-04-22,86.0,88.0,82.0,86.5,750
2016-04-25,85.5,88.0,83.0,86.0,180
2016-04-26,84.5,87.5,83.5,86.0,1010
2016-04-27,85.0,87.0,83.0,83.0,1230
2016-04-28,83.0,85.5,81.0,81.0,1340
2016-04-29,82.5,83.0,80.0,81.0,2460
2016-05-04,82.0,82.5,80.5,82.5,210
2016-05-05,82.5,83.0,82.0,83.0,80
2016-05-06,83.0,83.5,82.0,82.0,60
2016-05-10,84.0,84.5,83.0,83.0,200
2016-05-11,84.0,84.0,83.5,83.5,30
2016-05-12,83.0,84.0,83.0,84.0,20
2016-05-13,84.5,84.5,83.5,83.5,200
2016-05-16,84.5,84.5,83.5,83.5,20
2016-05-17,84.5,88.0,83.5,85.0,1220
2016-05-18,84.5,85.0,84.5,85.0,110
2016-05-19,83.5,84.0,83.0,84.0,100
2016-05-20,83.0,83.5,82.0,83.5,440
2016-05-23,82.5,82.5,82.0,82.0,130
2016-05-24,83.0,83.0,82.5,82.5,70
2016-05-25,82.5,84.5,82.0,83.0,320
2016-05-26,83.0,84.0,82.5,84.0,170
2016-05-27,83.0,83.0,82.0,82.5,210
2016-05-30,83.0,83.0,82.0,82.0,70
2016-05-31,82.5,82.5,80.5,82.5,180
2016-06-01,81.5,82.0,81.0,82.0,50
2016-06-02,81.5,81.5,80.5,81.0,100
2016-06-03,81.0,82.5,81.0,82.5,100
2016-06-06,82.5,82.5,82.0,82.0,20
2016-06-07,82.5,83.0,81.5,81.5,90
2016-06-08,82.5,82.5,82.5,82.5,20
2016-06-09,82.5,82.5,81.0,81.5,300
2016-06-10,81.0,81.0,81.0,81.0,20
2016-06-15,81.5,81.5,81.0,81.0,100
2016-06-16,81.0,102.0,81.0,84.0,4200
2016-06-17,82.0,85.0,81.0,81.5,640
2016-06-20,82.5,82.5,82.0,82.0,210
2016-06-21,82.0,82.0,81.5,81.5,80
2016-06-22,81.5,82.0,81.5,82.0,60
2016-06-23,82.0,82.5,82.0,82.5,530
2016-06-24,82.5,82.5,81.5,81.5,1100
2016-06-27,81.5,81.5,81.5,81.5,320
2016-06-28,80.5,81.5,80.5,81.5,30
2016-06-29,82.0,82.0,81.5,81.5,30
2016-06-30,81.5,81.5,81.5,81.5,10
2016-07-01,80.5,80.5,79.5,79.5,90
2016-07-04,81.5,81.5,80.0,80.0,260
2016-07-05,79.5,80.0,79.5,80.0,40
2016-07-06,80.5,80.5,80.0,80.0,40
2016-07-07,80.0,82.0,80.0,82.0,100
2016-07-11,82.0,82.0,81.5,81.5,30
2016-07-12,82.0,82.0,82.0,82.0,10
2016-07-13,81.0,81.5,80.0,81.5,120
2016-07-14,80.0,80.0,80.0,80.0,30
2016-07-15,80.5,81.0,80.5,80.5,40
2016-07-18,80.5,81.0,80.0,80.0,50
2016-07-19,81.5,81.5,80.5,80.5,100
2016-07-20,81.5,81.5,80.0,81.5,70
2016-07-22,80.5,81.5,80.5,81.5,30
2016-07-25,81.0,82.0,80.5,82.0,180
2016-07-26,81.5,82.0,81.5,82.0,60
2016-07-27,82.0,82.0,81.5,81.5,50
2016-07-28,81.5,81.5,81.5,81.5,10
2016-07-29,81.5,83.0,80.5,83.0,80
2016-08-01,81.5,83.0,79.0,81.0,560
2016-08-02,81.0,81.0,81.0,81.0,20
2016-08-03,81.0,81.0,81.0,81.0,30
2016-08-04,81.0,81.0,80.0,81.0,140
2016-08-09,82.0,82.0,82.0,82.0,10
2016-08-10,81.0,81.0,80.0,80.0,20
2016-08-11,81.5,82.5,80.5,80.5,70
2016-08-12,81.0,81.5,81.0,81.5,150
2016-08-15,82.0,82.0,81.5,82.0,70
2016-08-16,82.0,82.5,82.0,82.5,70
2016-08-17,82.5,82.5,82.0,82.0,110
2016-08-18,81.0,81.0,81.0,81.0,10
2016-08-19,81.0,81.0,81.0,81.0,50
2016-08-22,81.0,81.0,80.5,80.5,50
2016-08-24,82.5,85.0,82.5,83.5,340
2016-08-25,85.5,89.0,83.0,88.0,490
2016-08-26,91.5,91.5,83.5,90.5,3020
2016-08-29,89.5,95.0,85.0,92.0,1280
2016-08-30,91.0,93.0,87.5,90.0,350
2016-08-31,91.0,96.0,86.0,94.5,1120
2016-09-01,90.0,94.0,90.0,94.0,120
2016-09-02,93.0,94.0,90.5,93.5,90
2016-09-05,90.0,93.5,89.0,92.0,160
2016-09-06,88.5,93.5,88.0,92.5,400
2016-09-07,92.0,93.0,90.0,92.0,290
2016-09-08,91.5,92.5,89.0,90.0,190
2016-09-09,94.0,96.0,92.0,92.0,210
2016-09-12,90.0,92.0,90.0,92.0,30
2016-09-13,90.5,93.0,90.5,92.5,280
2016-09-14,92.0,93.0,92.0,93.0,30
2016-09-15,93.0,93.0,88.5,90.5,150
2016-09-16,90.0,90.5,90.0,90.5,30
2016-09-19,89.5,92.0,85.0,92.0,120
2016-09-20,90.0,92.0,89.0,91.5,2860
2016-09-21,91.5,91.5,91.5,91.5,20
2016-09-22,90.0,90.0,90.0,90.0,10
2016-09-23,90.5,90.5,90.0,90.0,40
2016-09-26,89.5,92.5,89.5,92.5,50
2016-09-27,90.5,90.5,89.5,89.5,40
2016-09-28,89.0,89.0,88.5,88.5,20
2016-09-29,89.0,89.0,89.0,89.0,10
2016-09-30,88.0,92.0,88.0,90.5,260
2016-10-03,91.5,92.0,90.0,90.0,70
2016-10-04,89.0,89.0,88.0,88.5,40
2016-10-05,88.5,90.5,85.5,88.5,250
2016-10-06,88.0,89.0,88.0,89.0,60
2016-10-07,87.5,90.5,87.0,90.5,260
2016-10-10,89.0,89.5,87.5,89.0,80
2016-10-11,89.0,89.0,85.5,86.5,190
2016-10-12,86.5,89.0,85.0,89.0,170
2016-10-13,88.5,88.5,83.5,86.0,160
2016-10-14,85.5,85.5,85.5,85.5,30
2016-10-17,87.0,88.5,85.5,85.5,110
2016-10-18,84.5,84.5,84.5,84.5,20
2016-10-19,85.5,86.0,85.5,86.0,40
2016-10-20,87.5,87.5,84.0,87.5,60
2016-10-21,86.0,86.0,84.0,86.0,70
2016-10-24,87.5,87.5,84.0,86.0,100
2016-10-25,85.5,85.5,84.5,85.0,150
2016-10-26,85.0,85.5,85.0,85.5,20
2016-10-27,87.0,87.0,84.5,86.5,130
2016-10-31,86.5,86.5,86.5,86.5,10
2016-11-01,85.5,86.5,85.5,86.5,50
2016-11-02,86.5,86.5,85.5,85.5,20
2016-11-03,87.0,87.0,85.5,86.0,120
2016-11-07,86.5,87.0,85.0,86.5,60
2016-11-08,86.0,86.0,86.0,86.0,10
2016-11-09,85.5,91.5,85.0,91.5,290
2016-11-10,88.0,89.0,86.0,88.5,220
2016-11-11,86.5,88.0,85.0,88.0,170
2016-11-14,87.0,89.0,87.0,87.5,220
2016-11-15,88.0,89.0,88.0,89.0,50
2016-11-16,90.0,90.0,85.0,88.0,360
2016-11-17,86.0,87.5,85.5,87.5,70
2016-11-18,86.5,88.0,86.5,88.0,90
2016-11-21,86.0,87.5,86.0,87.5,30
2016-11-22,86.0,88.0,86.0,86.5,50
2016-11-23,88.5,88.5,88.0,88.0,30
2016-11-25,87.0,87.0,87.0,87.0,10
2016-11-28,86.5,90.5,86.5,90.5,560
2016-11-30,90.5,91.0,90.5,90.5,110
2016-12-02,91.0,91.0,91.0,91.0,10
2016-12-06,89.0,92.0,89.0,92.0,110
2016-12-07,91.0,94.0,90.0,90.0,520
2016-12-08,93.5,94.0,93.0,94.0,850
2016-12-09,95.5,96.5,94.5,96.5,600
2016-12-12,94.0,98.0,94.0,98.0,890
2016-12-13,98.0,98.0,94.0,94.0,160
2016-12-14,96.0,96.0,95.0,95.0,20
2016-12-15,94.5,94.5,94.0,94.5,320
2016-12-16,92.5,100.0,92.5,99.5,650
2016-12-19,100.0,104.5,96.5,100.0,490
2016-12-20,104.0,104.0,100.0,101.5,640
2016-12-21,102.5,103.5,100.0,103.0,1240
2016-12-22,103.0,103.5,100.0,101.0,170
2016-12-23,102.0,102.0,98.0,100.0,180
2016-12-26,99.0,99.0,98.5,99.0,40
2016-12-27,98.5,99.5,97.0,98.0,50
2016-12-28,98.5,99.0,98.5,99.0,20
2016-12-29,99.5,99.5,98.0,98.0,30
2016-12-30,98.0,100.0,95.0,100.0,310
2017-01-03,93.5,99.5,93.0,99.5,40
2017-01-06,96.5,97.0,96.5,97.0,20
2017-01-09,96.5,98.5,96.5,97.0,60
2017-01-11,97.0,98.0,97.0,98.0,60
2017-01-12,97.0,98.0,95.5,95.5,40
2017-01-13,95.5,97.5,95.5,97.0,40
2017-01-16,98.0,108.0,97.0,100.0,540
2017-01-17,103.5,103.5,103.5,103.5,10
2017-01-24,101.5,105.5,99.5,101.0,350
2017-01-25,100.5,100.5,100.5,100.5,20
2017-01-26,96.0,117.0,96.0,108.5,180
2017-01-27,107.0,108.5,103.5,104.0,60
2017-01-30,105.0,110.0,104.5,109.0,860
2017-02-01,103.5,107.0,100.5,107.0,70
2017-02-02,107.5,116.5,107.5,111.0,210
2017-02-03,108.0,108.0,108.0,108.0,20
2017-02-06,109.0,109.0,101.5,108.0,60
2017-02-07,101.5,105.0,101.5,105.0,40
2017-02-08,108.0,115.0,104.5,111.5,400
2017-02-09,102.5,115.0,102.5,107.5,340
2017-02-10,102.5,113.5,102.5,109.0,250
2017-02-13,112.0,115.0,112.0,114.0,160
2017-02-16,107.5,111.0,107.0,111.0,150
2017-02-17,109.5,109.5,109.5,109.5,10
2017-02-20,112.5,117.0,106.5,107.0,220
2017-02-21,114.5,117.0,110.0,110.0,320
2017-02-22,115.0,115.0,107.0,110.0,140
2017-02-24,114.0,116.5,108.0,108.0,250
2017-02-27,107.0,108.5,107.0,108.5,80
2017-02-28,105.0,108.0,102.5,107.5,90
2017-03-01,103.0,106.0,101.0,106.0,200
2017-03-02,101.0,105.0,101.0,104.0,40
2017-03-03,105.0,114.0,105.0,106.5,410
2017-03-06,113.0,129.5,110.0,117.0,820
2017-03-07,117.5,123.0,115.0,117.0,260
2017-03-09,121.5,123.0,117.0,117.0,200
2017-03-10,121.0,124.0,115.5,120.0,210
2017-03-13,120.0,124.0,120.0,124.0,50
2017-03-15,119.0,125.0,119.0,124.0,160
2017-03-16,124.0,124.0,120.0,120.0,20
2017-03-17,124.0,124.0,118.5,118.5,150
2017-03-20,124.5,135.0,119.5,133.0,670
2017-03-21,135.0,135.0,130.0,130.0,130
2017-03-22,133.5,133.5,121.0,130.0,350
2017-03-23,130.0,130.0,130.0,130.0,200
2017-03-24,135.0,135.0,127.5,127.5,20
2017-03-28,125.0,155.0,125.0,137.0,250
2017-03-29,143.0,143.0,142.0,143.0,80
2017-03-30,143.0,150.0,143.0,145.0,90
2017-03-31,145.0,145.0,135.0,135.0,20
2017-04-04,140.0,145.0,140.0,145.0,30
2017-04-05,145.0,149.5,145.0,149.5,50
2017-04-06,150.0,150.0,150.0,150.0,40
2017-04-10,149.5,150.0,149.5,150.0,40
2017-04-11,124.0,145.0,124.0,140.0,60
2017-04-13,147.5,147.5,147.5,147.5,10
2017-04-17,130.5,145.5,130.0,144.5,230
2017-04-18,132.0,148.0,131.0,148.0,130
2017-04-25,150.0,150.0,146.5,146.5,30
2017-04-26,145.0,145.0,145.0,145.0,10
2017-04-27,150.0,150.0,140.5,140.5,150
2017-04-28,145.0,145.0,145.0,145.0,10
2017-05-02,141.0,141.0,141.0,141.0,10
2017-05-03,141.0,141.0,141.0,141.0,10
2017-05-04,140.5,140.5,135.5,135.5,20
2017-05-05,134.0,135.0,134.0,135.0,40
2017-05-10,135.0,141.5,135.0,141.5,30
2017-05-11,142.0,142.0,142.0,142.0,230
2017-05-16,169.0,169.0,139.5,139.5,60
2017-05-18,143.5,145.0,138.5,138.5,70
2017-05-19,150.0,172.5,141.5,141.5,50
2017-05-22,170.5,170.5,138.0,138.0,110
2017-05-23,149.5,165.0,140.5,140.5,100
2017-05-25,150.0,159.5,150.0,154.0,70
2017-05-29,150.0,150.0,150.0,150.0,10
2017-05-31,148.0,148.0,148.0,148.0,10
2017-06-05,135.0,150.0,135.0,150.0,20
2017-06-06,148.0,148.0,148.0,148.0,10
2017-06-09,135.0,135.0,135.0,135.0,10
2017-06-13,138.5,140.0,138.5,138.5,150
2017-06-15,141.5,141.5,135.0,135.0,30
2017-06-20,145.0,188.5,135.0,152.0,330
2017-06-21,167.0,189.5,167.0,185.0,90
2017-06-22,168.5,168.5,160.0,160.0,120
2017-06-23,163.0,171.0,163.0,171.0,90
2017-06-26,184.0,190.0,169.0,190.0,130
2017-06-27,190.0,193.0,175.0,175.0,40
2017-06-28,190.0,201.5,190.0,200.0,90
2017-06-29,190.0,201.5,190.0,198.5,210
2017-06-30,198.5,198.5,181.0,188.0,170
2017-07-03,188.0,188.0,174.0,178.5,340
2017-07-04,176.0,180.0,171.0,174.0,210
2017-07-05,165.0,170.0,157.5,163.5,250
2017-07-06,176.5,190.0,173.0,179.5,140
2017-07-12,161.5,182.0,161.0,172.0,160
2017-07-13,168.0,168.0,168.0,168.0,10
2017-07-14,162.5,170.0,160.0,170.0,40
2017-07-17,167.0,167.0,167.0,167.0,10
2017-07-18,177.5,216.5,175.0,175.0,150
2017-07-19,192.0,217.0,172.5,183.5,210
2017-07-20,195.0,215.0,187.5,205.0,220
2017-07-21,205.0,215.0,205.0,211.5,30
2017-07-24,217.0,217.0,184.5,203.0,120
2017-07-25,190.0,201.5,190.0,200.0,60
2017-07-26,186.0,215.0,185.5,188.5,730
2017-07-27,199.5,199.5,175.0,184.5,1040
2017-07-28,179.5,183.5,171.5,180.0,660
2017-07-31,171.5,180.0,171.5,177.5,80
2017-08-01,169.0,179.5,164.5,174.0,140
2017-08-02,175.0,175.0,174.5,174.5,70
2017-08-07,168.5,170.0,166.5,166.5,720
2017-08-08,169.0,177.0,168.5,176.5,130
2017-08-09,179.5,179.5,176.0,176.0,70
2017-08-10,171.5,175.0,169.5,174.0,640
2017-08-11,170.0,172.0,155.0,172.0,540
2017-08-14,167.5,170.0,167.0,170.0,120
2017-08-15,166.5,169.5,166.0,167.0,80
2017-08-16,169.0,169.0,164.5,164.5,150
2017-08-18,160.0,160.0,151.0,156.0,40
2017-08-22,160.0,160.0,160.0,160.0,10
2017-08-23,158.0,158.0,158.0,158.0,10
2017-08-25,166.0,166.5,166.0,166.5,20
2017-08-28,153.0,153.0,153.0,153.0,20
2017-08-29,162.0,166.0,160.0,160.0,70
2017-08-30,159.5,167.0,159.5,165.0,70
2017-08-31,167.5,169.0,167.5,169.0,30
2017-09-01,168.5,185.0,167.5,167.5,80
2017-09-04,160.5,164.0,160.5,164.0,20
2017-09-05,159.0,160.5,159.0,160.5,20
2017-09-06,162.0,163.0,162.0,163.0,40
2017-09-08,174.5,185.0,163.0,172.0,80
2017-09-11,176.5,176.5,176.5,176.5,10
2017-09-12,175.0,175.0,175.0,175.0,30
2017-09-13,179.0,179.0,178.5,178.5,20
2017-09-18,170.0,177.0,165.0,177.0,40
2017-09-19,177.0,177.0,177.0,177.0,10
2017-09-20,179.5,179.5,179.5,179.5,10
2017-09-22,178.5,178.5,178.5,178.5,10
2017-09-25,178.0,178.0,178.0,178.0,10
2017-09-26,163.5,175.0,163.0,175.0,30
2017-09-28,164.5,164.5,164.5,164.5,10
2017-09-29,165.0,165.0,155.0,160.0,80
2017-10-02,177.0,189.0,175.0,175.0,70
2017-10-03,168.5,177.0,168.5,177.0,20
2017-10-04,174.0,175.0,174.0,175.0,30
2017-10-05,166.5,170.0,160.0,165.0,270
2017-10-06,162.0,167.0,162.0,167.0,20
2017-10-10,161.5,161.5,161.5,161.5,10
2017-10-11,163.0,163.0,163.0,163.0,10
2017-10-13,161.0,168.0,160.0,168.0,270
2017-10-16,168.0,168.0,164.0,164.0,50
2017-10-17,160.0,160.5,160.0,160.0,80
2017-10-18,160.0,160.0,158.5,160.0,240
2017-10-19,156.5,168.0,156.0,168.0,210
2017-10-20,160.0,160.0,160.0,160.0,20
2017-10-23,159.5,160.0,159.5,160.0,20
2017-10-24,154.5,167.0,154.5,160.0,190
2017-10-25,160.0,160.0,160.0,160.0,10
2017-10-27,162.0,162.0,160.0,160.0,60
2017-10-30,162.0,167.0,162.0,162.0,30
2017-10-31,160.0,160.0,160.0,160.0,30
2017-11-07,154.5,160.0,154.5,158.0,70
2017-11-08,165.0,165.0,150.0,158.0,490
2017-11-09,155.5,156.0,155.5,155.5,60
2017-11-10,155.5,155.5,155.5,155.5,10
2017-11-13,152.0,154.0,151.0,154.0,90
2017-11-14,158.5,158.5,151.5,154.0,80
2017-11-16,150.5,150.5,150.5,150.5,10
2017-11-17,155.0,155.0,154.0,154.0,20
2017-11-20,152.5,152.5,120.5,142.0,370
2017-11-21,151.0,152.5,144.0,148.0,100
2017-11-22,141.5,146.0,141.5,142.0,50
2017-11-23,150.0,150.0,139.0,142.0,90
2017-11-27,150.0,151.0,144.0,149.5,60
2017-11-29,149.5,149.5,149.5,149.5,10
2017-12-01,149.5,149.5,149.0,149.0,20
2017-12-06,159.5,161.0,150.0,154.0,90
2017-12-07,153.5,153.5,153.5,153.5,10
2017-12-11,145.0,152.0,145.0,151.0,30
2017-12-19,150.5,155.0,150.5,155.0,40
2017-12-20,155.0,158.5,154.0,158.5,140
2017-12-21,160.0,160.0,148.0,155.0,60
2017-12-22,150.0,150.5,150.0,150.5,30
2017-12-25,155.0,155.0,150.0,150.0,30
2017-12-27,140.5,148.0,140.5,146.0,40
2018-01-03,140.0,143.0,139.0,139.0,50
2018-01-04,140.0,140.0,140.0,140.0,130
2018-01-09,140.5,140.5,140.5,140.5,20
2018-01-10,145.0,145.0,141.0,141.0,30
2018-01-11,146.0,146.0,144.5,145.5,140
2018-01-12,143.0,143.0,140.0,140.0,70
2018-01-15,139.0,139.0,139.0,139.0,10
2018-01-16,144.0,144.0,139.0,139.0,30
2018-01-17,141.0,141.5,141.0,141.5,20
2018-01-18,140.0,140.5,134.0,140.5,70
2018-01-19,140.5,140.5,140.5,140.5,10
2018-01-22,140.0,140.0,140.0,140.0,10
2018-01-23,142.5,142.5,142.5,142.5,10
2018-01-31,139.5,139.5,139.0,139.0,20
2018-02-02,138.0,138.0,138.0,138.0,10
2018-02-06,137.5,137.5,136.0,136.0,40
2018-02-08,135.5,135.5,135.5,135.5,30
2018-02-09,135.0,142.0,135.0,142.0,60
2018-02-12,134.5,134.5,134.5,134.5,10
2018-02-13,138.0,140.5,138.0,140.0,30
2018-02-14,146.0,146.0,146.0,146.0,10
2018-02-16,139.0,139.0,139.0,139.0,10
2018-02-19,140.0,140.0,140.0,140.0,10
2018-02-20,140.0,140.0,140.0,140.0,10
2018-02-27,157.0,157.0,144.5,144.5,20
2018-02-28,147.0,147.0,147.0,147.0,10
2018-03-02,145.0,156.5,139.5,150.0,80
2018-03-05,150.0,155.5,145.5,155.5,30
2018-03-06,142.5,154.5,142.5,154.5,30
2018-03-07,154.5,154.5,145.5,145.5,30
2018-03-13,147.0,147.0,144.0,145.0,30
2018-03-16,144.0,144.0,144.0,144.0,10
2018-03-19,143.5,143.5,143.5,143.5,10
2018-03-21,143.5,143.5,143.5,143.5,10
2018-03-22,151.0,151.0,144.0,144.0,30
2018-03-23,140.5,145.0,140.5,145.0,20
2018-03-26,141.0,153.5,141.0,153.5,20
2018-04-02,142.0,145.0,142.0,142.0,110
2018-04-03,145.0,151.0,145.0,149.0,50
2018-04-04,149.0,153.5,149.0,153.5,20
2018-04-06,142.5,149.5,142.5,149.5,30
2018-04-09,140.5,150.0,138.0,140.0,70
2018-04-13,143.5,143.5,143.5,143.5,10
2018-04-17,143.5,143.5,143.5,143.5,10
2018-04-18,143.5,143.5,143.5,143.5,10
2018-04-19,143.5,143.5,143.5,143.5,10
2018-04-20,125.5,150.0,125.5,138.0,60
2018-04-25,147.5,147.5,147.5,147.5,10
2018-05-04,144.0,148.5,144.0,148.5,30
2018-05-07,139.0,139.0,139.0,139.0,10
2018-05-08,140.0,148.0,140.0,148.0,20
2018-05-14,142.0,143.0,142.0,142.5,30
2018-05-15,143.5,143.5,143.5,143.5,10
2018-05-22,138.5,147.0,138.5,147.0,30
2018-05-24,139.5,146.5,139.5,140.0,140
2018-05-25,148.5,148.5,148.5,148.5,10
2018-05-28,140.5,140.5,140.0,140.0,50
2018-05-29,139.5,139.5,139.5,139.5,10
2018-05-31,138.0,138.0,138.0,138.0,10
2018-06-01,138.0,138.0,137.0,137.0,30
2018-06-05,135.5,135.5,134.0,134.0,90
2018-06-07,138.0,139.0,138.0,139.0,20
2018-06-09,138.5,189.0,138.5,158.0,59
2018-06-11,149.5,155.0,149.5,155.0,90
2018-06-13,147.0,153.0,144.0,144.0,180
2018-06-15,140.5,151.0,140.5,151.0,40
2018-06-18,153.0,153.0,150.0,150.0,30
2018-06-20,148.5,150.0,148.5,150.0,20
2018-06-22,150.0,150.0,147.0,147.0,70
2018-07-03,148.5,149.0,148.5,149.0,80
2018-07-04,149.0,149.0,149.0,149.0,20
2018-07-05,149.5,149.5,149.5,149.5,10
2018-07-06,145.0,145.0,145.0,145.0,30
2018-07-09,146.5,148.0,145.0,145.0,230
2018-07-10,144.5,144.5,144.5,144.5,10
2018-07-11,142.0,142.0,142.0,142.0,10
2018-07-12,140.5,140.5,140.5,140.5,10
2018-07-16,140.0,140.0,140.0,140.0,50
2018-07-19,130.5,146.5,130.5,140.0,40
2018-07-20,146.5,146.5,146.5,146.5,10
2018-07-24,140.0,143.5,139.5,143.5,150
2018-07-25,146.0,146.0,146.0,146.0,10
2018-08-08,140.0,140.0,140.0,140.0,20
2018-08-09,135.0,135.0,135.0,135.0,10
2018-08-10,134.0,135.0,134.0,135.0,20
2018-08-14,144.0,144.0,139.0,140.0,30
2018-08-16,138.0,138.0,138.0,138.0,20
2018-08-23,135.0,135.0,135.0,135.0,20
2018-08-24,134.0,134.0,134.0,134.0,10
2018-08-27,138.0,140.0,138.0,140.0,30
2018-08-29,137.0,140.0,134.0,140.0,40
2018-08-30,141.0,141.0,141.0,141.0,10
2018-08-31,139.0,141.0,139.0,141.0,20
2018-09-03,141.0,141.0,141.0,141.0,10
2018-09-13,135.0,135.0,133.0,133.0,50
2018-09-14,134.0,134.0,134.0,134.0,10
2018-09-17,133.0,134.0,133.0,134.0,20
2018-09-18,134.0,134.0,134.0,134.0,10
2018-09-19,135.0,135.0,134.0,134.0,270
2018-09-20,133.0,134.0,133.0,134.0,30
2018-09-25,139.0,140.0,139.0,140.0,30
2018-09-26,140.0,140.0,140.0,140.0,30
2018-09-27,141.0,141.0,141.0,141.0,30
2018-09-28,146.0,150.0,145.0,150.0,110
2018-10-08,150.0,154.0,140.0,145.0,130
2018-10-10,140.0,140.0,140.0,140.0,10
2018-10-11,140.0,140.0,140.0,140.0,30
2018-10-15,140.0,141.0,140.0,140.0,50
2018-10-19,141.0,141.0,141.0,141.0,40
2018-10-22,140.0,140.0,140.0,140.0,100
2018-10-23,138.0,138.0,137.0,137.0,40
2018-10-24,137.0,137.0,137.0,137.0,20
2018-10-31,139.0,139.0,139.0,139.0,20
2018-11-01,134.0,134.0,134.0,134.0,1
2018-11-06,141.0,141.0,136.0,139.0,5
2018-11-07,141.0,141.0,141.0,141.0,9
2018-11-08,141.0,142.0,136.0,136.0,7
2018-11-09,142.0,142.0,141.0,141.0,2
2018-11-12,142.0,143.0,142.0,143.0,48
2018-11-13,145.0,145.0,140.0,144.0,4
2018-11-19,146.0,146.0,143.0,143.0,8
2018-11-20,147.0,147.0,143.0,143.0,5
2018-11-21,144.0,144.0,144.0,144.0,1
2018-11-22,144.0,144.0,144.0,144.0,4
2018-11-23,143.0,143.0,143.0,143.0,10
2018-11-27,142.0,145.0,142.0,145.0,2
2018-11-28,147.0,147.0,144.0,144.0,5
2018-11-29,144.0,144.0,143.0,143.0,3
2018-11-30,149.0,149.0,137.0,146.0,12
2018-12-03,144.0,150.0,139.0,145.0,154
2018-12-04,149.0,150.0,139.0,144.0,174
2018-12-05,147.0,149.0,140.0,146.0,66
2018-12-06,140.0,149.0,140.0,146.0,68
2018-12-07,145.0,149.0,144.0,145.0,57
2018-12-10,145.0,148.0,133.0,141.0,358
2018-12-11,144.0,144.0,137.0,140.0,227
2018-12-12,142.0,142.0,138.0,140.0,55
2018-12-13,140.0,142.0,138.0,139.0,22
2018-12-14,137.0,142.0,136.0,141.0,158
2018-12-17,143.0,146.0,140.0,140.0,147
2018-12-18,145.0,145.0,138.0,140.0,94
2018-12-19,139.0,144.0,139.0,143.0,51
2018-12-20,139.0,142.0,139.0,141.0,111
2018-12-21,144.0,144.0,138.0,140.0,216
2018-12-24,144.0,144.0,139.0,140.0,49
2018-12-25,143.0,143.0,138.0,138.0,81
2018-12-26,141.0,141.0,139.0,141.0,58
2018-12-27,140.0,142.0,140.0,141.0,60
2018-12-28,142.0,142.0,138.0,140.0,101
2018-12-29,142.0,143.0,136.0,143.0,52
2019-01-03,140.0,143.0,140.0,142.0,35
2019-01-04,141.0,142.0,139.0,141.0,24
2019-01-08,141.0,142.0,139.0,140.0,30
2019-01-09,141.0,142.0,139.0,141.0,50
2019-01-10,140.0,142.0,140.0,140.0,76
2019-01-11,141.0,141.0,137.0,140.0,280
2019-01-14,141.0,141.0,138.0,140.0,62
2019-01-15,140.0,145.0,140.0,144.0,480
2019-01-16,144.0,145.0,143.0,145.0,109
2019-01-17,148.0,148.0,141.0,144.0,144
2019-01-18,143.0,144.0,120.0,142.0,342
2019-01-21,142.0,144.0,140.0,142.0,345
2019-01-22,142.0,142.0,139.0,141.0,171
2019-01-23,141.0,142.0,139.0,141.0,216
2019-01-24,138.0,146.0,128.0,141.0,308
2019-01-25,140.0,141.0,138.0,140.0,28
2019-01-28,141.0,141.0,138.0,140.0,86
2019-01-29,140.0,142.0,138.0,141.0,188
2019-01-30,141.0,142.0,139.0,140.0,149
2019-01-31,139.0,140.0,138.0,140.0,25
2019-02-01,139.0,141.0,139.0,139.5,47
2019-02-04,142.0,148.0,140.0,141.0,122
2019-02-05,140.5,140.5,138.0,139.0,404
2019-02-06,139.0,140.5,136.5,139.0,291
2019-02-07,138.5,139.5,138.0,139.0,51
2019-02-08,139.0,139.5,138.0,138.5,21
2019-02-11,139.0,140.0,138.0,138.0,56
2019-02-12,136.5,140.0,136.5,138.0,68
2019-02-13,140.0,140.5,137.5,139.5,93
2019-02-14,138.5,140.0,138.0,140.0,34
2019-02-15,138.0,140.0,138.0,138.5,18
2019-02-18,138.5,140.5,138.5,138.5,50
2019-02-19,139.0,139.5,138.0,138.0,9
2019-02-20,139.5,139.5,138.0,138.0,17
2019-02-21,139.0,140.0,138.5,139.0,35
2019-02-22,139.5,141.0,138.0,138.0,16
2019-02-25,140.0,140.0,138.0,138.0,42
2019-02-26,139.5,139.5,137.5,138.0,16
2019-02-27,138.0,139.0,136.5,137.5,21
2019-02-28,137.5,139.0,137.5,139.0,8
2019-03-01,137.0,139.0,137.0,139.0,37
2019-03-04,139.0,139.0,137.5,139.0,31
2019-03-05,138.0,139.0,138.0,139.0,5
2019-03-06,139.0,139.5,138.5,139.5,16
2019-03-07,139.0,139.5,138.5,138.5,5
2019-03-11,137.0,139.0,131.5,139.0,99
2019-03-12,139.0,139.0,137.5,138.5,12
2019-03-13,139.0,139.0,137.0,138.5,42
2019-03-14,138.5,139.0,137.0,137.5,42
2019-03-15,139.0,149.0,135.0,137.5,524
2019-03-18,139.0,139.0,137.0,138.0,91
2019-03-19,137.0,141.0,135.5,137.5,332
2019-03-20,138.5,139.0,136.5,139.0,224
2019-03-21,137.5,138.5,137.0,137.5,31
2019-03-22,137.0,138.0,136.0,137.5,64
2019-03-25,138.0,138.5,135.0,137.0,118
2019-03-26,138.0,138.5,136.0,138.0,82
2019-03-27,137.5,139.0,137.0,138.0,37
2019-03-28,136.5,138.0,136.0,137.0,12
2019-03-29,138.0,138.0,136.0,138.0,41
2019-04-01,137.0,138.0,137.0,137.5,20
2019-04-02,137.0,138.0,137.0,137.0,20
2019-04-03,138.0,138.5,137.0,137.0,193
2019-04-04,137.5,137.5,137.0,137.5,12
2019-04-05,137.5,137.5,136.5,136.5,74
2019-04-08,137.5,138.0,136.0,136.5,27
2019-04-09,136.5,137.5,134.0,136.0,101
2019-04-10,136.0,137.0,136.0,137.0,44
2019-04-11,137.5,137.5,136.0,137.0,12
2019-04-12,137.0,137.5,136.0,136.5,24
2019-04-15,136.0,137.0,135.5,137.0,23
2019-04-16,136.0,137.0,135.5,137.0,24
2019-04-17,137.0,137.0,136.0,136.5,8
2019-04-18,137.0,142.0,136.5,141.0,315
2019-04-19,143.0,144.5,136.0,140.5,194
2019-04-22,136.5,142.5,136.0,138.5,39
2019-04-23,142.0,142.0,138.0,139.0,112
2019-04-24,143.0,143.5,139.5,139.5,47
2019-04-25,139.5,144.0,138.0,140.0,23
2019-04-26,140.5,144.0,138.5,140.0,31
2019-04-29,138.5,140.5,138.5,140.0,105
2019-04-30,138.0,142.0,138.0,140.0,62
2019-05-02,139.0,141.5,139.0,139.5,33
2019-05-03,138.5,139.5,138.5,139.5,33
2019-05-06,140.5,140.5,138.5,138.5,54
2019-05-07,139.0,141.5,138.5,139.5,23
2019-05-08,141.0,141.0,138.5,139.5,31
2019-05-10,142.0,142.0,139.5,139.5,8
2019-05-13,140.0,140.0,138.0,138.0,49
2019-05-14,140.0,140.0,137.5,137.5,22
2019-05-15,137.0,141.5,136.5,139.5,95
2019-05-16,137.5,140.0,129.0,139.5,98
2019-05-17,138.5,139.0,137.5,138.0,39
2019-05-20,138.0,139.0,137.0,139.0,30
2019-05-21,139.5,139.5,137.5,138.5,40
2019-05-22,139.0,140.0,137.5,139.5,47
2019-05-23,140.0,140.0,134.0,136.5,249
2019-05-24,136.5,138.5,134.0,134.0,103
2019-05-27,135.5,142.0,123.5,134.0,606
2019-05-28,136.0,138.0,130.0,134.0,224
2019-05-29,137.0,138.0,134.5,137.0,71
2019-05-30,137.0,137.5,136.0,137.0,24
2019-05-31,136.0,136.5,135.0,135.5,59
2019-06-03,135.5,137.0,134.5,135.0,74
2019-06-04,135.5,139.0,135.5,137.5,119
2019-06-05,135.5,137.0,135.5,136.0,34
2019-06-06,136.0,137.5,135.5,137.0,68
2019-06-07,137.5,138.0,136.0,137.5,23
2019-06-10,135.0,139.0,135.0,138.5,82
2019-06-11,136.0,138.0,136.0,136.0,55
2019-06-13,136.0,138.5,135.5,136.5,86
2019-06-14,138.0,138.0,136.0,136.0,83
2019-06-17,136.0,138.0,136.0,137.5,75
2019-06-18,137.5,137.5,136.5,137.5,26
2019-06-19,135.5,138.0,135.5,137.5,99
2019-06-20,137.5,138.0,136.5,138.0,104
2019-06-21,138.0,147.0,136.5,138.0,180
2019-06-24,137.0,140.0,136.5,136.5,57
2019-06-25,137.5,140.0,136.5,139.5,90
2019-06-26,139.5,140.5,137.0,139.0,71
2019-06-27,139.0,139.5,137.0,138.0,63
2019-06-28,140.0,140.0,137.0,139.0,105
2019-07-01,140.5,147.0,139.0,141.5,332
2019-07-02,154.5,155.0,139.0,140.0,273
2019-07-03,141.0,141.5,138.0,139.5,176
2019-07-04,140.5,146.0,137.5,144.0,582
2019-07-05,145.0,149.0,140.0,144.0,595
2019-07-08,146.0,146.0,140.0,142.0,418
2019-07-09,142.0,144.0,139.5,142.0,631
2019-07-10,140.5,142.5,139.5,140.5,224
2019-07-11,143.5,143.5,139.5,139.5,176
2019-07-12,138.0,144.0,138.0,139.5,274
2019-07-15,139.0,142.0,135.5,140.5,138
2019-07-16,142.5,142.5,139.5,140.0,122
2019-07-17,139.5,142.0,139.0,140.0,212
2019-07-18,139.5,140.5,139.0,139.5,577
2019-07-19,140.0,140.0,139.0,140.0,37
2019-07-22,138.5,140.5,138.0,139.0,57
2019-07-23,138.5,141.0,136.5,138.0,161
2019-07-24,137.5,140.0,136.0,136.5,210
2019-07-25,136.5,139.0,136.0,138.0,278
2019-07-26,138.5,139.5,137.5,138.0,32
2019-07-29,137.5,141.0,137.5,138.0,156
2019-07-30,139.5,139.5,137.0,138.5,177
2019-07-31,138.0,138.5,137.5,138.5,16
2019-08-01,139.0,141.0,136.5,138.5,45
2019-08-02,137.5,138.5,136.5,137.5,100
2019-08-05,137.5,137.5,135.0,135.5,65
2019-08-06,136.5,138.0,136.0,136.5,79
2019-08-07,137.5,138.0,130.5,135.5,334
2019-08-08,136.5,137.5,135.5,137.0,74
2019-08-09,138.0,138.0,135.5,136.0,202
2019-08-12,137.0,137.5,136.0,137.0,381
2019-08-13,135.5,137.0,135.5,136.5,54
2019-08-14,137.0,137.0,135.5,136.0,234
2019-08-15,136.5,137.0,135.5,136.0,98
2019-08-16,136.5,137.0,135.5,136.5,34
2019-08-19,135.5,137.0,135.0,135.5,407
2019-08-20,136.5,137.5,134.0,136.5,344
2019-08-21,136.5,136.5,135.5,136.0,184
2019-08-22,135.5,136.5,135.0,135.5,50
2019-08-23,136.5,136.5,135.0,135.5,46
2019-08-26,135.0,136.5,134.5,135.0,108
2019-08-27,134.0,135.0,134.0,135.0,91
2019-08-28,135.0,136.5,134.5,136.0,169
2019-08-29,135.0,136.5,134.5,136.0,90
2019-08-30,135.0,136.5,135.0,136.0,127
2019-09-02,134.5,137.5,134.5,136.5,115
2019-09-03,136.0,136.5,135.5,136.0,118
2019-09-04,135.5,136.5,135.0,136.5,21
2019-09-05,135.5,137.5,132.0,136.5,428
2019-09-06,135.0,138.0,135.0,136.5,53
2019-09-09,137.0,137.0,135.5,136.0,136
2019-09-10,137.0,137.0,135.5,136.5,168
2019-09-11,136.0,137.0,135.0,135.5,180
2019-09-12,136.0,136.5,135.5,136.0,94
2019-09-13,136.5,136.5,136.0,136.5,37
2019-09-16,136.0,137.0,135.0,136.5,255
2019-09-17,136.5,137.0,135.5,136.5,218
2019-09-18,136.0,137.0,135.5,136.0,263
2019-09-19,136.0,136.5,135.0,136.0,244
2019-09-20,135.0,136.5,135.0,136.0,75
2019-09-23,136.5,136.5,135.5,135.5,119
2019-09-24,136.0,137.0,135.5,136.5,55
2019-09-25,135.5,136.5,134.0,136.0,110
2019-09-26,135.0,136.0,135.0,135.5,74
2019-09-27,136.0,136.0,134.5,135.5,134
2019-09-30,134.0,136.0,131.0,135.0,290
2019-10-01,136.0,136.0,134.0,136.0,223
2019-10-02,135.0,135.5,133.0,134.5,134
2019-10-03,134.0,135.5,133.5,134.0,162
2019-10-04,135.0,135.5,131.5,134.5,116
2019-10-07,131.5,135.5,131.5,135.0,64
2019-10-08,135.5,135.5,133.0,134.0,233
2019-10-09,135.5,135.5,132.5,134.0,83
2019-10-10,133.0,135.0,133.0,134.5,63
2019-10-11,135.0,135.5,133.5,135.0,139
2019-10-14,135.0,135.5,133.5,134.0,323
2019-10-15,135.0,135.5,133.5,135.0,113
2019-10-16,135.0,135.5,133.5,135.5,110
2019-10-17,135.5,137.0,134.0,136.5,208
2019-10-18,135.5,139.5,134.5,135.0,151
2019-10-21,136.5,136.5,135.0,136.5,157
2019-10-22,137.0,138.5,135.5,136.0,99
2019-10-23,137.5,138.5,135.5,138.5,111
2019-10-24,139.0,140.5,136.5,137.5,236
2019-10-25,136.5,138.5,136.0,136.0,144
2019-10-28,135.5,139.5,135.5,137.0,231
2019-10-29,135.5,138.0,135.5,137.0,74
2019-10-30,138.0,140.5,136.0,138.0,210
2019-10-31,138.0,139.0,137.5,138.0,219
2019-11-01,137.5,139.0,136.5,137.5,86
2019-11-05,136.0,138.0,136.0,137.0,96
2019-11-06,136.5,140.0,136.0,137.0,145
2019-11-07,138.5,138.5,136.0,137.5,135
2019-11-08,137.5,138.0,136.5,137.5,108
2019-11-11,137.5,139.5,136.0,138.0,175
2019-11-12,137.5,138.5,137.0,137.5,151
2019-11-13,137.0,140.0,136.5,138.0,337
2019-11-14,138.5,138.5,133.0,137.5,400
2019-11-15,136.0,137.5,133.5,137.5,699
2019-11-18,137.5,137.5,136.0,137.0,258
2019-11-19,136.5,137.5,135.5,137.0,310
2019-11-20,136.5,137.0,135.5,137.0,140
2019-11-21,137.0,137.0,135.5,137.0,295
2019-11-22,137.0,137.0,135.5,136.5,382
2019-11-25,136.0,136.0,135.0,135.5,144
2019-11-26,136.5,136.5,135.5,136.5,301
2019-11-27,136.5,137.0,136.0,137.0,188
2019-11-28,137.0,137.0,136.0,136.0,72
2019-11-29,137.0,137.0,136.0,136.5,71
2019-12-02,137.0,189.0,135.5,140.0,1931
2019-12-03,141.5,141.5,134.5,136.5,562
2019-12-04,136.5,138.0,136.0,137.0,157
2019-12-05,137.5,137.5,136.0,136.5,142
2019-12-06,136.0,136.5,135.5,136.0,177
2019-12-09,136.5,137.5,135.5,137.0,241
2019-12-10,136.0,138.0,136.0,138.0,126
2019-12-11,137.0,139.0,136.0,137.5,725
2019-12-12,138.0,138.0,135.5,137.0,306
2019-12-13,138.5,138.5,136.0,137.0,277
2019-12-16,137.5,138.0,137.0,138.0,137
2019-12-17,138.0,139.0,136.5,136.5,218
2019-12-18,138.0,139.0,136.5,137.0,517
2019-12-19,138.0,139.0,136.5,138.0,407
2019-12-20,137.0,140.0,137.0,138.0,412
2019-12-23,138.0,140.0,137.0,139.5,183
2019-12-24,139.5,140.0,137.0,138.5,241
2019-12-25,139.0,158.0,137.5,139.0,459
2019-12-26,139.0,139.0,136.5,137.0,518
2019-12-27,138.5,139.0,137.0,138.0,225
2019-12-30,137.0,139.0,137.0,139.0,447
2020-01-03,139.0,139.0,137.5,138.0,250
2020-01-06,139.5,139.5,137.5,138.0,248
2020-01-08,138.0,138.5,137.0,137.5,229
2020-01-09,137.5,138.5,137.0,138.5,263
2020-01-10,138.5,138.5,137.5,138.5,247
2020-01-13,139.0,139.0,137.0,137.5,744
2020-01-14,138.0,138.0,137.5,138.0,317
2020-01-15,138.0,138.0,137.5,138.0,241
2020-01-16,138.0,138.5,137.5,138.0,160
2020-01-17,138.5,138.5,137.5,137.5,186
2020-01-20,138.5,139.0,135.5,138.0,1572
2020-01-21,137.0,138.0,136.0,136.0,1050
2020-01-22,136.5,137.5,136.5,137.5,188
2020-01-23,137.5,137.5,136.0,137.0,407
2020-01-24,136.5,137.0,136.0,136.0,442
2020-01-27,136.0,137.0,134.0,135.5,527
2020-01-28,136.5,136.5,135.0,136.5,302
2020-01-29,136.0,136.5,134.5,135.0,291
2020-01-30,135.0,136.0,134.5,136.0,135
2020-01-31,136.0,136.0,135.0,135.5,124
2020-02-03,133.5,136.0,133.5,134.5,243
2020-02-04,136.0,136.0,134.5,135.5,215
2020-02-05,136.0,136.0,135.0,135.0,196
2020-02-06,136.0,136.0,134.5,135.0,127
2020-02-07,135.0,137.0,135.0,137.0,465
2020-02-10,137.0,137.0,135.5,136.5,142
2020-02-11,135.5,137.0,135.0,135.0,470
2020-02-12,135.0,137.0,135.0,136.0,119
2020-02-13,137.0,137.0,136.0,136.5,281
2020-02-14,137.0,137.0,136.0,136.0,151
2020-02-17,136.0,137.0,136.0,136.5,204
2020-02-18,137.0,137.0,136.0,136.0,60
2020-02-19,137.0,137.0,135.5,136.5,411
2020-02-20,135.5,137.0,135.5,136.5,294
2020-02-21,136.0,136.5,135.5,135.5,98
2020-02-25,136.0,136.0,133.5,135.0,358
2020-02-26,134.5,135.5,133.0,134.5,388
2020-02-27,134.0,134.0,126.5,133.0,367
2020-02-28,132.5,132.5,125.0,129.0,469
2020-03-02,127.0,134.0,126.5,133.0,259
2020-03-03,130.5,133.5,130.5,132.0,119
2020-03-04,132.0,133.0,130.0,130.0,120
2020-03-05,130.5,132.5,130.5,132.0,30
2020-03-06,129.5,131.5,127.5,130.0,163
2020-03-10,125.0,132.5,119.5,130.5,361
2020-03-11,131.5,132.0,128.5,129.0,145
2020-03-12,128.0,130.0,123.0,125.0,192
2020-03-13,127.0,130.0,125.0,129.0,179
2020-03-16,123.5,128.5,123.5,125.5,348
2020-03-17,124.0,126.5,122.0,122.5,225
2020-03-18,122.0,123.0,115.0,118.5,174
2020-03-19,119.5,128.5,115.5,124.0,225
2020-03-20,120.5,129.5,116.5,124.0,383
2020-03-23,125.0,129.0,121.5,128.0,189
2020-03-24,126.5,133.5,120.0,126.5,940
2020-03-25,126.5,134.0,116.0,127.5,610
2020-03-26,130.5,133.0,123.5,130.5,406
2020-03-27,133.0,133.0,128.0,131.5,313
2020-03-30,128.0,135.0,128.0,133.0,334
2020-03-31,129.5,135.0,129.5,133.0,361
2020-04-01,134.5,135.0,132.5,134.0,271
2020-04-02,133.0,134.5,133.0,133.5,258
2020-04-03,133.5,134.5,132.5,133.5,100
2020-04-06,134.5,135.5,132.0,133.5,232
2020-04-07,133.5,136.0,133.5,133.5,353
2020-04-08,134.5,135.5,132.0,134.5,374
2020-04-09,134.5,136.0,133.5,135.0,598
2020-04-10,134.5,135.5,134.0,135.0,228
2020-04-13,134.0,135.5,133.5,134.0,139
2020-04-14,135.5,136.0,134.0,134.5,307
2020-04-15,135.5,136.5,133.5,134.5,544
2020-04-16,134.5,135.0,133.0,133.5,270
2020-04-17,134.5,134.5,133.5,134.0,117
2020-04-20,134.5,136.0,133.5,135.0,415
2020-04-21,133.5,134.5,122.0,133.5,181
2020-04-22,133.5,134.5,133.5,133.5,130
2020-04-23,133.0,134.0,132.0,133.0,203
2020-04-24,134.0,134.0,133.0,133.0,80
2020-04-27,133.5,134.0,132.0,133.0,658
2020-04-28,132.5,132.5,131.5,132.0,1201
2020-04-29,132.5,132.5,130.0,131.0,540
2020-04-30,130.0,132.0,130.0,131.5,249
2020-05-04,132.0,132.0,130.0,131.5,187
2020-05-05,131.5,133.0,130.5,132.0,308
2020-05-06,132.0,132.0,130.5,131.5,250
2020-05-07,132.0,132.0,130.0,131.5,546
2020-05-08,131.0,132.0,130.5,130.5,119
2020-05-12,131.0,131.5,129.5,130.5,193
2020-05-13,130.0,132.0,130.0,130.5,120
2020-05-14,130.5,131.5,130.0,131.5,135
2020-05-15,130.5,132.0,130.0,130.5,131
2020-05-18,130.5,132.0,130.5,131.5,249
2020-05-19,131.0,132.0,130.5,132.0,269
2020-05-20,130.5,132.5,130.5,132.0,333
2020-05-21,132.0,132.0,131.0,131.0,155
2020-05-22,131.0,132.0,131.0,132.0,104
2020-05-25,131.0,134.0,131.0,132.5,309
2020-05-26,132.5,133.0,131.5,132.0,388
2020-05-27,132.0,132.5,131.5,131.5,675
2020-05-28,131.5,132.0,131.0,131.5,96
2020-05-29,131.5,132.0,130.5,131.5,324
2020-06-01,131.5,132.0,131.0,131.0,106
2020-06-02,130.5,132.0,130.5,132.0,144
2020-06-03,132.0,132.0,130.0,131.5,1296
2020-06-04,131.5,132.0,130.0,131.0,769
2020-06-05,131.5,131.5,129.0,130.5,1056
2020-06-08,130.0,131.0,130.0,130.0,221
2020-06-09,130.0,131.0,130.0,130.5,257
2020-06-10,129.5,131.0,129.5,130.5,260
2020-06-11,129.5,130.5,129.5,130.5,230
2020-06-15,130.0,130.5,128.0,130.0,155
2020-06-16,130.0,131.0,129.5,131.0,235
2020-06-17,130.0,131.0,130.0,130.0,260
2020-06-18,130.5,131.0,130.0,130.5,99
2020-06-19,130.0,131.0,129.5,130.0,349
2020-06-22,130.0,131.0,129.5,130.0,117
2020-06-23,130.5,130.5,129.5,130.0,208
2020-06-25,129.5,130.5,128.5,129.0,231
2020-06-26,130.5,131.0,129.5,130.0,775
2020-06-29,131.0,131.0,130.0,130.5,413
2020-06-30,131.0,131.0,129.5,130.5,194
2020-07-02,129.5,131.0,129.5,130.0,460
2020-07-03,130.5,130.5,129.5,130.5,373
2020-07-06,130.5,131.0,129.5,129.5,440
2020-07-07,129.5,131.0,129.5,130.0,262
2020-07-08,129.5,130.5,129.0,129.0,545
2020-07-09,130.0,130.0,129.0,129.5,97
2020-07-10,129.0,130.5,129.0,130.0,470
2020-07-13,129.5,130.5,129.0,130.0,415
2020-07-14,129.5,130.0,129.0,129.0,134
2020-07-15,130.0,130.0,129.0,130.0,135
2020-07-16,130.0,130.0,129.0,129.0,103
2020-07-17,130.0,130.0,129.0,129.5,214
2020-07-20,130.0,130.0,129.0,129.5,305
2020-07-21,130.0,130.0,129.0,129.5,307
2020-07-22,129.5,130.0,129.0,129.5,248
2020-07-23,130.0,130.0,129.0,129.0,407
2020-07-24,129.0,130.0,129.0,129.5,477
2020-07-27,130.0,130.0,129.0,130.0,204
2020-07-28,129.0,130.0,129.0,130.0,217
2020-07-29,129.0,130.5,129.0,129.5,417
2020-07-30,129.5,130.5,129.5,130.0,123
2020-07-31,130.0,131.0,129.5,129.5,330
2020-08-03,131.0,131.0,129.5,130.5,929
2020-08-04,129.5,130.5,129.5,130.5,110
2020-08-05,131.0,182.5,131.0,182.5,18172
2020-08-06,219.0,255.0,205.5,255.0,50648
2020-08-07,268.0,280.0,260.0,280.0,25474
2020-08-10,293.0,295.0,228.0,262.5,19532
2020-08-11,269.0,270.0,211.5,224.5,10117
2020-08-12,223.5,244.5,220.5,234.0,5618
2020-08-13,229.5,240.0,229.5,233.0,3478
2020-08-14,235.5,236.5,222.0,229.5,3815
2020-08-17,225.0,231.0,222.0,222.0,1577
2020-08-18,223.0,223.0,215.5,218.0,1395
2020-08-19,220.0,220.0,205.5,206.5,1846
2020-08-20,209.0,238.5,203.5,207.0,9200
2020-08-21,212.0,217.0,198.0,204.0,2645
2020-08-24,208.0,212.0,203.0,207.0,1585
2020-08-25,209.0,210.0,194.0,200.0,1125
2020-08-26,201.5,206.5,193.0,205.5,1575
2020-08-27,208.0,208.0,202.0,202.0,774
2020-08-28,207.0,208.5,202.0,203.5,473
2020-08-31,202.0,206.5,200.5,201.0,745
2020-09-01,204.0,219.0,201.0,214.5,5832
2020-09-02,215.5,217.5,204.5,208.0,2517
2020-09-03,208.0,213.0,201.5,208.5,1617
2020-09-04,212.0,212.0,203.0,205.0,972
2020-09-07,204.5,212.0,204.5,207.5,1834
2020-09-08,208.0,208.0,201.5,205.0,975
2020-09-09,206.0,206.0,197.0,204.5,898
2020-09-10,206.0,206.0,203.0,204.5,537
2020-09-11,204.5,206.5,200.0,203.5,994
2020-09-14,204.5,204.5,201.0,202.5,580
2020-09-15,204.5,204.5,202.0,203.5,703
2020-09-16,202.0,212.0,202.0,204.0,1854
2020-09-17,202.5,205.0,202.5,203.5,349
2020-09-18,203.5,205.0,202.5,204.5,546
2020-09-21,205.0,205.0,202.0,203.5,570
2020-09-22,204.0,204.0,202.0,203.5,271
2020-09-23,202.5,204.5,202.5,203.0,433
2020-09-24,204.0,204.0,201.0,201.5,643
2020-09-25,201.5,202.5,198.0,199.5,870
2020-09-28,200.0,201.5,195.0,198.0,905
2020-09-29,198.0,199.0,195.0,196.0,855
2020-09-30,194.5,195.5,193.0,193.5,361
2020-10-01,194.0,194.5,186.0,191.5,930
2020-10-02,194.5,196.5,187.5,193.0,459
2020-10-05,194.0,194.0,190.0,192.0,333
2020-10-06,188.0,204.5,188.0,194.0,2121
2020-10-07,197.0,204.5,193.5,196.0,1015
2020-10-08,195.5,202.5,195.0,198.5,1262
2020-10-09,195.0,203.0,195.0,198.5,1049
2020-10-12,202.0,203.5,198.5,203.5,1287
2020-10-13,204.0,204.0,200.0,200.5,1154
2020-10-14,200.5,211.5,200.5,205.0,3579
2020-10-15,205.0,216.5,203.0,207.5,2896
2020-10-16,205.0,205.0,198.0,200.0,1712
2020-10-19,202.5,204.0,197.0,197.5,857
2020-10-20,197.0,201.0,193.5,198.0,1258
2020-10-21,200.0,200.0,186.5,196.5,983
2020-10-22,194.0,196.5,193.5,193.5,298
2020-10-23,194.5,194.5,192.0,193.0,422
2020-10-26,192.0,196.0,190.5,195.0,531
2020-10-27,191.5,194.5,191.0,192.0,329
2020-10-28,191.5,193.0,188.0,189.0,516
2020-10-29,192.0,192.0,187.5,188.0,355
2020-10-30,191.5,191.5,188.0,190.0,331
2020-11-02,191.0,191.0,188.0,190.0,264
2020-11-03,190.5,191.5,188.5,191.0,434
2020-11-05,200.0,200.0,189.0,190.5,571
2020-11-06,190.5,194.0,190.0,192.5,408
2020-11-09,193.0,195.0,191.5,194.5,733
2020-11-10,192.5,196.0,192.5,195.5,465
2020-11-11,194.0,197.0,194.0,196.0,332
2020-11-12,196.0,198.5,195.5,198.5,501
2020-11-13,199.0,199.5,195.5,197.5,700
2020-11-16,198.0,203.0,196.5,200.5,1211
2020-11-17,201.5,206.0,197.5,201.0,1097
2020-11-18,201.0,203.0,194.5,202.5,632
2020-11-19,203.0,203.0,199.5,201.0,550
2020-11-20,202.0,203.0,200.0,201.5,244
2020-11-23,203.0,204.0,200.0,202.0,522
2020-11-24,201.0,204.5,200.0,201.0,728
2020-11-25,203.0,206.0,200.5,202.5,743
2020-11-26,203.0,216.0,203.0,213.5,3761
2020-11-27,211.5,218.0,204.5,207.5,7739
2020-11-30,207.0,212.0,205.5,208.5,1752
2020-12-01,207.5,211.0,207.0,209.5,2273
2020-12-02,209.0,213.0,209.0,210.5,847
2020-12-03,211.0,211.0,208.5,211.0,1807
2020-12-04,208.5,210.5,208.0,209.5,614
2020-12-07,208.5,210.0,201.5,208.0,1486
2020-12-08,207.0,209.5,201.0,207.5,1058
2020-12-09,208.0,209.0,203.5,205.5,595
2020-12-10,206.0,208.0,202.5,204.0,793
2020-12-11,203.5,203.5,200.0,203.0,961
2020-12-14,200.0,204.0,200.0,201.5,591
2020-12-15,200.0,203.0,200.0,202.0,607
2020-12-16,202.0,204.0,202.0,202.5,429
2020-12-17,204.5,207.0,201.0,205.0,877
2020-12-18,208.0,209.0,203.0,203.5,1404
2020-12-21,206.5,206.5,201.0,204.0,814
2020-12-22,201.5,207.5,201.5,202.5,316
2020-12-23,202.0,207.5,197.5,202.0,1065
2020-12-24,202.0,204.5,200.5,202.5,759
2020-12-25,203.5,204.0,201.5,203.0,381
2020-12-28,203.0,203.0,200.5,200.5,694
2020-12-29,202.0,202.0,197.5,200.0,1241
2020-12-30,202.0,202.0,198.5,200.0,736
2021-01-04,197.5,202.0,197.5,200.5,434
2021-01-05,199.5,203.0,199.0,200.0,708
2021-01-06,202.0,208.5,200.5,201.5,1390
2021-01-08,205.5,205.5,199.5,201.0,1101
2021-01-11,201.0,201.5,199.5,200.0,675
2021-01-12,203.5,203.5,200.0,200.0,506
2021-01-13,200.0,202.0,200.0,202.0,975
2021-01-14,201.0,203.5,200.0,200.0,432
2021-01-15,200.0,201.5,199.5,199.5,502
2021-01-18,199.5,201.0,199.0,199.5,466
2021-01-19,199.0,200.5,199.0,200.0,424
2021-01-20,199.0,200.0,198.0,199.5,457
2021-01-21,201.0,201.0,198.0,200.0,678
2021-01-22,198.0,199.5,197.5,198.5,519
2021-01-25,198.0,220.0,198.0,201.0,10536
2021-01-26,208.0,214.0,198.0,201.0,5985
2021-01-27,199.5,204.0,195.0,197.0,2540
2021-01-28,195.5,199.5,195.5,198.0,758
2021-01-29,198.5,201.0,198.0,199.0,1553
2021-02-01,200.0,203.0,197.0,200.0,666
2021-02-02,197.5,201.0,197.5,200.0,328
2021-02-03,203.0,209.0,199.0,199.5,367
2021-02-04,199.0,200.5,198.0,198.0,879
2021-02-05,199.5,200.0,198.0,198.5,441
2021-02-08,198.0,199.5,192.5,197.5,643
2021-02-09,199.0,199.0,196.0,196.5,1356
2021-02-10,196.5,198.0,196.5,196.5,504
2021-02-11,196.0,198.0,196.0,197.0,921
2021-02-12,198.0,198.0,195.5,196.5,816
2021-02-15,196.0,199.0,196.0,197.5,745
2021-02-16,198.5,199.5,197.0,198.5,708
2021-02-17,199.5,267.5,198.0,201.0,149148
2021-02-18,206.0,281.0,202.5,281.0,465988
2021-02-19,309.0,370.0,217.0,231.0,509786
2021-02-20,240.0,247.0,212.0,219.0,63375
2021-02-22,217.0,225.5,204.5,206.0,29455
2021-02-24,205.0,218.5,204.0,210.5,32271
2021-02-25,213.5,213.5,207.5,209.5,9848
2021-02-26,208.0,208.5,202.0,203.0,7925
2021-03-01,203.5,219.5,203.5,217.5,22854
2021-03-02,219.0,244.0,218.0,235.0,91020
2021-03-03,235.0,242.0,213.0,220.0,35506
2021-03-04,222.0,222.0,206.5,211.5,13886
2021-03-05,212.0,218.0,208.5,211.0,9344
2021-03-09,209.5,213.5,205.5,207.0,8576
2021-03-10,208.5,209.0,204.0,206.0,6354
2021-03-11,205.5,216.0,203.5,209.5,11923
2021-03-12,211.0,214.0,204.0,206.5,8831
2021-03-15,207.0,208.5,205.5,206.5,3821
2021-03-16,207.0,236.0,205.0,229.0,86654
2021-03-17,231.5,237.5,212.0,213.0,66355
2021-03-18,214.0,217.5,212.0,214.0,10118
2021-03-19,216.0,216.5,210.5,215.0,7162
2021-03-22,219.5,221.5,213.5,214.5,4440
2021-03-23,214.5,214.5,211.0,211.5,2942
2021-03-24,212.0,222.0,212.0,218.0,22876
2021-03-25,219.5,221.0,213.5,215.0,4491
2021-03-26,215.0,217.0,215.0,215.5,3006
2021-03-29,216.5,219.5,213.0,215.0,2946
2021-03-30,215.5,217.0,212.0,213.0,3310
2021-03-31,214.0,215.0,211.0,211.5,5041
2021-04-01,212.0,213.5,210.0,212.0,8578
2021-04-02,214.0,214.5,210.5,212.0,5659
2021-04-05,213.0,213.0,211.0,211.5,3413
2021-04-06,211.5,212.5,210.0,210.5,3994
2021-04-07,209.5,211.0,208.0,208.0,6182
2021-04-08,209.5,210.0,207.0,208.0,6776
2021-04-09,209.0,209.0,206.0,208.0,5597
2021-04-12,208.5,212.5,206.0,209.0,11685
2021-04-13,209.5,210.0,207.0,207.5,3634
2021-04-14,207.5,211.0,207.0,208.0,5007
2021-04-15,207.5,210.0,207.0,207.5,4288
2021-04-16,208.5,209.5,207.0,209.5,4354
2021-04-19,210.0,210.0,208.0,208.5,3072
2021-04-20,208.5,209.0,203.5,204.5,6502
2021-04-21,207.0,207.0,204.0,206.0,4366
2021-04-22,206.0,207.5,204.5,205.5,2708
2021-04-23,206.0,206.5,204.5,205.0,3315
2021-04-26,206.0,206.0,204.0,205.0,4256
2021-04-27,206.0,206.0,204.0,204.0,3127
2021-04-28,204.0,204.5,201.5,203.0,4983
2021-04-29,203.0,204.0,201.0,202.0,4747
2021-04-30,202.5,202.5,201.0,202.0,3129
2021-05-04,202.0,202.0,200.5,201.5,3418
2021-05-05,201.5,202.5,200.0,201.5,4581
2021-05-06,204.0,204.5,200.0,201.5,4337
2021-05-07,201.5,202.0,200.0,201.5,3176
2021-05-10,202.0,202.5,200.0,201.0,3119
2021-05-11,201.5,201.5,199.5,200.0,2947
2021-05-12,199.5,201.0,199.0,199.0,2944
2021-05-13,200.0,200.0,192.0,195.5,3249
2021-05-14,195.0,197.5,194.0,197.0,1074
2021-05-17,197.0,199.0,195.0,196.5,942
2021-05-18,198.5,198.5,196.5,198.0,1060
2021-05-19,199.0,199.0,195.0,195.5,1833
2021-05-20,195.5,197.0,194.0,195.5,1338
2021-05-21,195.0,196.0,193.5,194.0,1320
2021-05-24,196.5,210.0,193.5,207.5,11729
2021-05-25,209.0,219.5,202.0,202.5,13334
2021-05-26,203.5,203.5,197.0,198.5,3529
2021-05-27,197.0,199.0,196.0,197.5,1780
2021-05-28,198.0,201.0,197.0,201.0,961
2021-05-31,201.0,203.5,199.0,199.5,2270
2021-06-01,199.0,201.5,199.0,199.5,1491
2021-06-02,200.0,201.0,199.0,199.5,931
2021-06-03,199.5,202.0,199.0,200.5,1466
2021-06-04,200.0,201.0,198.5,200.5,1014
2021-06-07,200.5,201.0,198.5,199.0,1114
2021-06-08,200.0,200.5,198.5,199.0,1473
2021-06-09,199.0,200.0,198.0,198.5,1692
2021-06-10,198.0,200.0,198.0,198.5,1210
2021-06-11,199.5,199.5,197.5,198.5,1022
2021-06-14,198.0,200.0,197.5,199.0,834
2021-06-15,199.0,199.5,198.0,198.0,1003
2021-06-16,199.0,199.5,197.5,199.0,973
2021-06-17,198.5,212.0,198.0,207.5,21170
2021-06-18,208.0,209.5,200.5,201.0,4874
2021-06-21,201.0,203.5,198.0,200.5,3508
2021-06-22,200.0,204.0,198.0,201.0,2681
2021-06-23,201.5,202.5,200.0,201.0,961
2021-06-24,200.5,204.0,200.0,201.0,1267
2021-06-25,201.0,202.0,198.5,199.5,1064
2021-06-28,200.0,201.0,199.0,200.0,911
2021-06-29,200.0,201.5,199.0,200.5,1020
2021-06-30,200.5,202.5,199.5,200.0,1049
2021-07-01,200.0,200.5,199.5,199.5,2806
2021-07-02,200.0,200.0,199.0,199.5,1986
2021-07-05,204.5,215.0,203.5,208.0,36700
2021-07-06,211.0,217.0,208.0,209.5,17327
2021-07-07,209.5,211.0,201.5,204.5,8870
2021-07-08,203.0,207.0,200.5,203.0,8067
2021-07-09,201.5,203.0,200.5,202.0,2671
2021-07-12,203.0,203.0,200.0,201.5,4092
2021-07-13,201.5,202.5,200.0,201.0,1978
2021-07-14,201.0,201.5,199.5,200.0,3155
2021-07-15,200.0,200.0,196.5,198.5,5191
2021-07-16,198.5,199.5,197.0,197.5,1523
2021-07-19,198.0,199.5,187.5,194.0,6639
2021-07-20,194.0,197.5,191.0,194.5,2117
2021-07-21,195.5,198.5,193.5,194.5,2730
2021-07-22,195.5,197.0,192.5,196.0,1120
2021-07-23,197.0,197.5,193.0,193.0,1696
2021-07-26,193.0,196.0,192.0,195.0,2759
2021-07-27,196.0,197.0,193.0,195.0,1901
2021-07-28,197.0,197.5,194.5,195.5,2149
2021-07-29,196.0,196.0,193.5,195.0,1299
2021-07-30,194.5,197.0,193.5,195.0,2791
2021-08-02,193.5,196.0,190.5,194.5,2491
2021-08-03,196.0,196.0,193.5,194.5,1279
2021-08-04,194.0,196.0,193.5,195.0,855
2021-08-05,194.5,196.0,194.0,194.5,973
2021-08-06,195.5,196.0,193.5,194.0,1976
2021-08-09,194.5,196.0,193.5,194.5,2618
2021-08-10,195.5,195.5,193.5,194.5,1434
2021-08-11,195.5,195.5,194.0,195.0,2465
2021-08-12,194.0,202.0,193.0,198.5,7967
2021-08-13,199.5,201.5,195.5,196.0,3911
2021-08-16,196.5,198.0,195.0,195.5,1374
2021-08-17,195.5,197.0,194.5,195.0,1312
2021-08-18,195.5,196.0,194.0,194.5,1949
2021-08-19,194.0,195.0,192.5,193.5,3304
2021-08-20,192.5,195.0,192.5,193.0,1344
2021-08-23,195.0,195.0,193.0,194.0,1775
2021-08-24,194.0,194.5,193.0,193.5,1881
2021-08-25,194.0,197.0,193.0,194.0,2166
2021-08-26,195.0,195.5,193.5,193.5,2645
2021-08-27,193.5,195.5,193.5,195.5,1523
2021-08-30,196.0,196.0,194.0,195.0,3034
2021-08-31,195.0,196.5,194.0,195.0,2890
2021-09-01,195.0,196.5,194.0,195.5,1573
2021-09-02,194.5,197.5,194.0,196.0,3174
2021-09-03,196.5,197.0,194.5,195.5,1773
2021-09-06,196.5,196.5,193.5,194.0,3693
2021-09-07,195.0,195.0,193.0,193.5,2388
2021-09-08,193.5,194.5,193.0,193.5,2975
2021-09-09,194.0,195.0,192.5,193.5,2052
2021-09-10,193.0,194.0,192.5,193.0,1106
2021-09-13,193.0,194.5,192.5,193.5,1145
2021-09-14,193.5,199.0,193.0,194.0,3200
2021-09-15,195.0,195.0,193.0,193.5,2016
2021-09-16,194.0,194.5,191.5,193.0,2421
2021-09-17,193.0,193.5,192.5,193.0,880
2021-09-20,193.5,194.0,191.5,192.0,1123
2021-09-21,192.0,193.5,191.0,192.0,1399
2021-09-22,191.5,194.0,191.5,192.5,1165
2021-09-23,192.5,193.0,191.5,192.5,1042
2021-09-24,192.0,192.5,191.5,192.5,967
2021-09-27,192.5,198.5,191.5,196.0,6241
2021-09-28,194.5,198.0,192.5,193.5,2628
2021-09-29,193.5,194.5,192.5,194.0,1197
2021-09-30,197.5,197.5,192.0,192.5,2259
2021-10-01,192.5,195.0,192.0,193.0,2098
2021-10-04,193.0,194.5,192.0,192.5,1443
2021-10-05,192.0,193.5,191.5,192.5,3505
2021-10-06,193.0,196.0,192.0,195.0,7287
2021-10-07,194.5,195.5,193.0,193.0,2543
2021-10-08,194.5,195.5,193.0,194.0,1753
2021-10-11,194.5,208.0,194.5,201.0,13331
2021-10-12,202.5,205.0,195.0,197.0,5039
2021-10-13,198.5,202.5,195.0,196.5,7065
2021-10-14,196.5,201.0,195.0,197.0,3703
2021-10-15,196.5,200.5,195.5,196.5,2193
2021-10-18,199.5,201.0,196.0,198.0,2604
2021-10-19,196.5,205.0,196.5,198.0,8376
2021-10-20,200.0,209.0,198.5,205.0,5725
2021-10-21,207.0,272.0,205.5,269.0,374607
2021-10-22,271.5,274.0,212.0,212.5,186742
2021-10-25,217.0,222.0,201.0,205.5,65434
2021-10-26,206.0,209.0,199.5,200.5,23063
2021-10-27,201.0,217.0,197.0,201.0,51425
2021-10-28,203.0,209.0,201.5,204.5,16685
2021-10-29,204.5,208.0,200.5,203.5,12295
2021-11-01,203.5,207.0,201.5,203.0,6680
2021-11-02,203.5,205.5,202.0,202.5,7003
2021-11-03,202.0,204.5,201.5,202.5,7942
2021-11-05,203.0,204.0,200.0,201.0,8378
2021-11-08,200.5,208.0,200.0,203.5,10440
2021-11-09,203.5,203.5,201.0,201.5,6567
2021-11-10,202.5,203.5,199.5,200.5,7161
2021-11-11,201.0,201.0,199.5,200.0,8220
2021-11-12,199.5,201.0,195.5,200.0,9643
2021-11-15,201.5,201.5,198.0,199.5,6682
2021-11-16,200.0,201.0,197.5,198.5,4030
2021-11-17,197.5,200.0,197.5,198.5,5708
2021-11-18,198.5,200.0,197.0,197.5,4484
2021-11-19,197.5,198.0,196.0,197.0,4765
2021-11-22,196.0,198.0,195.0,196.0,4381
2021-11-23,195.5,198.0,194.0,197.0,3488
2021-11-24,197.5,213.0,197.5,204.0,29885
2021-11-25,205.0,206.5,200.0,202.0,6604
2021-11-26,202.0,202.5,197.0,198.0,10197
2021-11-29,199.5,200.0,197.0,198.0,5455
2021-11-30,197.0,199.0,196.5,199.0,2599
2021-12-01,199.0,199.5,196.5,197.0,8586
2021-12-02,197.0,198.0,195.0,196.0,6926
2021-12-03,195.5,199.0,195.0,195.5,5436
2021-12-06,197.5,197.5,195.0,195.5,4756
2021-12-07,196.0,196.5,195.0,196.0,4499
2021-12-08,196.0,196.5,195.0,195.0,3465
2021-12-09,196.0,196.0,194.5,195.5,3198
2021-12-10,196.5,196.5,193.5,195.0,3569
2021-12-13,196.0,196.0,192.0,192.0,4644
2021-12-14,192.5,192.5,188.0,192.0,5858
2021-12-15,194.0,209.0,191.0,192.0,16260
2021-12-16,194.0,199.5,193.0,194.5,5280
2021-12-17,195.5,195.5,193.0,194.0,1432
2021-12-20,195.0,195.0,192.0,193.0,4186
2021-12-21,193.0,200.0,193.0,197.0,5985
2021-12-22,199.0,202.0,194.5,195.5,3786
2021-12-23,196.0,200.0,194.0,195.5,6622
2021-12-24,195.5,198.0,192.5,195.5,6535
2021-12-27,196.0,198.0,192.5,194.0,8586
2021-12-28,196.0,198.5,193.0,194.0,7118
2021-12-29,194.5,195.0,193.0,193.5,1941
2021-12-30,194.0,194.5,192.0,193.5,2683
2022-01-03,194.0,195.5,193.5,195.0,3187
2022-01-04,195.0,195.0,194.0,195.0,2216
2022-01-05,194.5,195.5,193.5,194.5,1541
2022-01-06,194.0,194.5,192.0,193.0,5769
2022-01-10,193.5,194.5,192.5,192.5,3411
2022-01-11,193.0,194.0,192.0,193.5,3099
2022-01-12,192.5,194.5,192.5,194.0,2040
2022-01-13,194.5,204.0,191.0,192.0,17650
2022-01-14,192.5,193.0,189.5,191.5,4623
2022-01-17,190.5,192.5,190.0,191.0,2169
2022-01-18,191.0,192.0,178.5,182.0,6939
2022-01-19,182.5,187.0,179.0,185.5,2025
2022-01-20,187.0,195.0,181.0,189.0,7426
2022-01-21,190.5,190.5,181.0,182.0,6184
2022-01-24,183.0,183.0,137.0,165.5,24566
2022-01-25,168.0,174.0,156.0,162.5,6205
2022-01-26,164.5,170.0,162.5,167.0,1976
2022-01-27,170.5,172.0,166.0,169.5,1597
2022-01-28,169.5,174.0,169.5,172.0,1211
2022-01-31,174.5,180.0,173.0,177.5,2276
2022-02-01,178.5,181.0,174.0,176.5,1894
2022-02-02,176.0,178.5,175.0,176.0,1281
2022-02-03,171.5,173.5,166.0,171.5,1462
2022-02-04,173.5,176.0,171.5,171.5,970
2022-02-07,172.5,181.0,165.0,169.0,3844
2022-02-08,170.0,170.0,167.0,169.5,1367
2022-02-09,171.5,175.5,171.5,174.5,3575
2022-02-10,175.5,177.0,170.5,172.0,1456
2022-02-11,173.0,173.5,169.5,170.5,897
2022-02-14,169.5,170.0,164.5,167.5,1576
2022-02-15,169.0,172.0,164.0,167.5,2982
2022-02-16,169.0,171.0,168.5,169.5,1274
2022-02-17,170.5,170.5,166.0,168.0,1669
2022-02-18,169.5,169.5,161.5,163.0,1307
2022-02-21,165.0,165.0,140.0,146.5,7277
2022-02-22,147.0,155.0,127.0,148.0,6911
2022-02-24,130.0,134.0,89.0,114.0,10337
2022-02-25,118.5,145.0,117.0,133.5,6723
2022-03-28,158.0,184.0,140.0,165.5,20092
2022-03-29,182.5,190.0,166.5,174.0,18449
2022-03-30,176.5,184.5,168.0,175.0,5733
2022-03-31,174.0,183.0,170.5,178.5,9008
2022-04-01,179.5,191.0,176.5,183.5,12286
2022-04-04,187.5,189.5,177.0,183.5,4273
2022-04-05,186.5,186.5,170.5,173.0,3439
2022-04-06,174.5,185.5,163.0,177.5,9601
2022-04-07,181.0,188.5,178.0,183.5,16650
2022-04-08,184.5,184.5,177.0,180.0,2165
2022-04-11,178.0,181.0,177.5,178.0,1999
2022-04-12,178.0,180.0,172.5,175.5,2312
2022-04-13,175.0,181.0,175.0,177.5,3575
2022-04-14,178.5,180.0,173.0,175.5,2051
2022-04-15,175.5,175.5,172.5,173.0,1131
2022-04-18,173.0,176.0,168.0,168.5,2610
2022-04-19,167.5,172.0,160.5,166.0,3003
2022-04-20,169.0,172.5,162.0,169.5,2997
2022-04-21,169.0,206.0,169.0,178.5,39288
2022-04-22,187.0,194.0,168.5,171.0,27807
2022-04-25,171.0,171.0,163.0,169.0,5032
2022-04-26,168.0,180.0,168.0,172.5,7584
2022-04-27,174.0,179.5,170.5,177.0,7533
2022-04-28,178.0,190.0,175.0,179.0,27891
2022-04-29,184.5,185.5,173.0,178.5,8665
2022-05-04,179.0,181.5,175.0,175.5,4562
2022-05-05,175.0,182.5,175.0,176.5,6881
2022-05-06,177.0,178.0,175.0,175.5,3513
2022-05-11,176.0,178.5,174.5,176.0,3451
2022-05-12,177.5,177.5,173.0,174.0,2895
2022-05-13,173.0,175.5,172.5,173.0,1941
2022-05-16,173.5,178.0,173.5,176.0,2312
2022-05-17,176.0,185.5,175.5,179.5,12274
2022-05-18,181.5,184.0,179.5,180.0,2359
2022-05-19,181.5,182.5,178.0,179.0,3543
2022-05-20,179.5,180.0,175.0,176.5,2842
2022-05-23,176.5,178.5,171.0,172.0,4582
2022-05-24,172.5,175.0,169.0,173.0,2653
2022-05-25,174.0,174.5,170.5,173.5,1501
2022-05-26,173.5,174.5,171.5,173.0,2239
2022-05-27,173.5,175.5,171.0,172.5,4050
2022-05-30,173.0,176.0,172.5,173.5,2192
2022-05-31,173.5,174.0,172.0,172.5,1951
2022-06-01,171.5,172.5,170.5,172.0,1588
2022-06-02,171.5,172.5,170.0,170.0,3083
2022-06-03,170.0,171.5,168.5,168.5,1665
2022-06-06,168.5,171.0,168.0,170.0,2068
2022-06-07,169.0,170.0,168.0,170.0,4510
2022-06-08,169.5,170.5,168.0,168.0,2638
2022-06-09,168.0,168.5,167.0,167.5,1356
2022-06-10,168.0,168.5,167.5,168.0,1435
2022-06-14,167.5,171.5,167.0,169.5,4122
2022-06-15,170.0,171.0,168.0,170.0,1477
2022-06-16,171.0,173.0,170.5,171.5,2664
2022-06-17,171.5,172.0,168.5,169.5,2739
2022-06-20,169.0,179.0,169.0,174.0,9233
2022-06-21,174.0,187.0,172.0,177.5,21123
2022-06-22,177.5,177.5,173.0,174.5,2880
2022-06-23,174.5,177.0,172.5,174.5,3182
2022-06-24,175.5,182.5,173.0,173.5,4339
2022-06-27,175.0,178.5,173.0,175.5,2878
2022-06-28,175.0,177.5,174.0,175.0,4593
2022-06-29,175.5,177.0,173.5,175.0,2664
2022-06-30,176.0,176.0,170.5,172.0,3883
2022-07-01,170.5,173.5,169.5,171.5,2128
2022-07-04,172.5,174.5,171.5,173.0,2488
2022-07-05,173.0,174.0,171.0,172.5,2628
2022-07-06,173.0,174.5,170.5,172.0,4050
2022-07-07,171.0,178.5,170.0,172.5,4091
2022-07-08,172.5,176.5,172.0,175.0,2460
2022-07-11,174.5,177.5,171.5,172.5,2064
2022-07-12,172.0,174.0,171.0,172.5,1879
2022-07-13,171.5,184.5,171.5,173.5,15499
2022-07-14,173.0,176.0,172.5,174.0,1481
2022-07-15,173.5,175.5,172.5,173.5,2449
2022-07-18,174.5,176.0,173.5,174.0,906
2022-07-19,176.5,176.5,172.5,174.0,2317
2022-07-20,174.5,175.0,173.0,174.0,1550
2022-07-21,174.0,174.5,172.0,173.0,1602
2022-07-22,173.0,173.5,171.5,172.0,4404
2022-07-25,172.5,174.0,172.0,173.0,2953
2022-07-26,173.5,174.0,172.5,172.5,2304
2022-07-27,173.5,176.0,172.5,173.5,1860
2022-07-28,173.5,174.0,172.5,173.0,1582
2022-07-29,173.5,174.0,172.5,173.5,1156
2022-08-01,172.5,176.0,172.5,173.0,2394
2022-08-02,173.0,179.5,172.5,173.5,7559
2022-08-03,173.5,175.0,173.0,174.0,2871
2022-08-04,174.0,174.5,173.0,173.0,1756
2022-08-05,173.0,174.0,172.0,172.0,3810
2022-08-08,172.0,173.5,172.0,173.0,2444
2022-08-09,173.0,174.0,172.0,173.0,3832
2022-08-10,172.5,174.0,172.5,173.5,848
2022-08-11,173.0,174.0,172.5,173.5,1369
2022-08-12,173.5,174.0,173.0,173.5,1760
2022-08-15,173.0,177.5,173.0,176.0,5071
2022-08-16,176.5,190.5,175.5,178.5,17836
2022-08-17,184.5,189.0,181.5,185.0,13224
2022-08-18,187.5,190.0,183.0,183.0,6277
2022-08-19,182.0,183.5,173.0,182.0,4408
2022-08-22,182.0,182.0,178.0,180.0,2391
2022-08-23,181.0,182.0,180.0,181.0,2113
2022-08-24,181.0,184.0,180.0,181.0,2009
2022-08-25,182.5,186.0,181.0,182.5,2705
2022-08-26,181.5,184.5,181.0,182.0,2797
2022-08-29,191.5,198.5,185.0,194.5,22265
2022-08-30,195.0,195.5,189.0,192.5,6592
2022-08-31,190.0,193.5,190.0,190.5,2952
2022-09-01,190.0,195.0,190.0,192.5,3007
2022-09-02,193.5,195.0,191.5,194.5,2672
2022-09-05,195.0,198.0,190.5,193.0,9990
2022-09-06,195.0,195.0,189.0,189.0,5793
2022-09-07,189.5,192.5,189.0,192.0,4179
2022-09-08,193.0,195.5,190.0,193.0,5334
2022-09-09,194.5,196.0,191.5,192.5,4038
2022-09-12,194.0,194.5,191.0,192.5,2817
2022-09-13,192.5,193.5,191.0,191.0,3459
2022-09-14,192.5,193.0,185.0,188.0,6560
2022-09-15,188.0,195.0,187.5,192.0,9413
2022-09-16,193.0,199.5,189.0,191.5,19110
2022-09-19,193.0,195.0,192.0,192.5,5780
2022-09-20,193.0,215.0,170.5,178.0,49111
2022-09-21,168.0,187.0,151.5,178.0,12283
2022-09-22,181.0,184.0,176.0,178.5,6281
2022-09-23,178.0,179.0,156.5,167.0,19740
2022-09-26,167.0,169.5,150.0,158.5,11132
2022-09-27,158.5,177.0,157.0,165.5,12924
2022-09-28,167.0,175.0,163.0,165.0,9390
2022-09-29,166.0,169.5,157.0,157.5,4804
2022-09-30,159.0,163.5,155.0,162.5,8736
2022-10-03,166.0,169.0,163.0,167.0,4606
2022-10-04,168.5,174.0,166.0,170.5,6163
2022-10-05,171.0,176.5,162.5,169.5,6843
2022-10-06,170.0,174.0,168.5,169.5,5893
2022-10-07,171.5,171.5,165.0,166.5,2878
2022-10-10,161.5,170.0,161.5,168.5,2749
2022-10-11,168.5,172.0,168.0,171.0,4109
2022-10-12,171.0,177.5,168.5,170.0,6970
2022-10-13,172.0,177.5,170.0,171.0,3222
2022-10-14,173.0,174.0,169.0,172.5,7202
2022-10-17,173.5,180.0,172.0,178.0,10584
2022-10-18,176.0,180.0,174.5,178.5,7431
2022-10-19,178.0,180.0,173.5,177.0,5922
2022-10-20,177.0,186.0,174.0,180.0,9348
2022-10-21,181.5,182.0,177.5,180.0,1891
2022-10-24,179.0,184.0,179.0,179.5,4081
2022-10-25,183.5,183.5,179.5,181.0,2460
2022-10-26,181.0,182.5,179.0,180.0,5466
2022-10-27,182.5,183.0,180.5,181.5,4612
2022-10-28,181.5,182.5,176.0,180.0,4857
2022-10-31,179.0,181.0,178.0,181.0,1953
2022-11-01,182.0,182.0,180.0,181.5,2632
2022-11-02,181.5,182.0,180.0,181.0,1394
2022-11-03,181.0,181.0,178.0,179.0,1606
2022-11-07,179.5,181.0,179.5,181.0,1644
2022-11-08,181.0,181.5,179.5,180.5,1876
2022-11-09,180.0,185.0,177.5,178.0,7510
2022-11-10,178.0,180.5,177.0,179.0,4226
2022-11-11,181.0,181.5,179.5,180.0,3560
2022-11-14,180.5,185.0,180.0,183.0,7385
2022-11-15,184.0,184.5,182.0,183.0,4226
2022-11-16,180.5,183.5,180.5,182.5,1927
2022-11-17,183.0,186.0,181.5,181.5,4655
2022-11-18,181.5,182.0,180.0,180.5,2238
2022-11-21,180.5,182.0,178.5,179.5,2382
2022-11-22,179.0,181.0,179.0,179.5,1834
2022-11-23,179.5,180.5,179.0,180.0,2382
2022-11-24,180.5,182.0,180.0,180.0,4260
2022-11-25,180.5,182.0,179.5,179.5,5339
2022-11-28,179.5,182.0,179.0,180.0,3696
2022-11-29,180.5,218.0,180.0,201.0,117806
2022-11-30,202.0,212.0,185.0,185.5,76677
2022-12-01,188.0,193.5,183.5,186.5,19750
2022-12-02,187.5,198.0,186.5,187.5,30583
2022-12-05,190.5,198.0,189.5,192.0,26192
2022-12-06,193.5,196.0,190.0,192.0,13014
2022-12-07,192.0,196.5,192.0,193.0,12734
2022-12-08,195.0,195.0,190.0,190.5,7813
2022-12-09,190.5,191.0,185.0,187.5,8176
2022-12-12,188.5,190.0,186.0,187.0,4294
2022-12-13,187.0,194.0,186.5,188.5,13361
2022-12-14,189.0,189.5,186.0,186.5,4180
2022-12-15,186.5,188.0,183.0,184.0,12015
2022-12-16,184.5,189.0,181.5,185.0,9214
2022-12-19,185.5,191.0,182.5,189.0,13933
2022-12-20,191.0,195.0,189.0,191.5,12720
2022-12-21,193.0,194.5,187.0,190.0,5928
2022-12-22,190.5,197.0,190.5,193.0,16399
2022-12-23,193.5,207.0,190.0,191.5,53061
2022-12-26,192.5,199.5,189.0,193.0,31614
2022-12-27,193.0,205.0,193.0,200.0,63069
2022-12-28,201.5,204.5,192.5,196.0,22575
2022-12-29,197.5,198.0,192.5,193.5,15063
2022-12-30,194.0,194.0,190.0,190.0,12926
2023-01-03,191.0,194.5,190.0,193.0,11615
2023-01-04,192.5,194.0,192.0,193.5,3851
2023-01-05,193.0,193.5,190.5,191.0,5614
2023-01-06,191.5,197.0,190.0,192.0,20236
2023-01-09,193.0,195.0,192.5,194.5,5988
2023-01-10,194.5,194.5,192.0,193.0,6001
2023-01-11,194.0,195.0,193.0,194.5,8152
2023-01-12,194.5,205.0,194.0,196.5,41904
2023-01-13,197.5,197.5,194.5,195.5,6822
2023-01-16,197.0,205.0,196.0,202.5,44886
2023-01-17,202.0,205.5,198.0,200.0,23537
2023-01-18,200.0,202.5,198.0,198.5,9944
2023-01-19,202.0,202.0,197.0,198.0,12380
2023-01-20,199.0,201.0,189.0,195.0,21124
2023-01-23,196.0,198.5,192.0,197.5,12980
2023-01-24,198.0,198.5,195.0,195.5,6383
2023-01-25,195.0,199.5,194.0,197.5,14959
2023-01-26,198.5,198.5,196.5,197.0,10044
2023-01-27,198.0,198.5,195.0,196.0,9069
2023-01-30,197.0,198.0,196.0,197.0,3482
2023-01-31,198.0,204.0,197.0,201.0,26214
2023-02-01,201.5,219.0,198.5,199.5,138617
2023-02-02,200.0,205.5,200.0,202.0,38793
2023-02-03,203.0,204.0,199.5,201.5,19526
2023-02-06,201.5,207.0,201.0,205.5,43445
2023-02-07,206.5,207.0,203.0,204.0,18002
2023-02-08,204.5,205.5,200.0,203.0,30595
2023-02-09,203.5,212.0,201.0,206.0,113057
2023-02-10,207.0,213.0,202.0,204.5,92148
2023-02-13,206.0,209.0,202.0,204.0,35983
2023-02-14,204.0,205.5,200.0,200.5,23069
2023-02-15,200.0,201.0,195.0,197.0,31664
2023-02-16,197.5,200.5,197.0,198.0,14645
2023-02-17,198.5,200.0,195.0,195.0,19836
2023-02-20,195.0,216.0,194.5,202.5,183117
2023-02-21,205.5,209.5,200.0,201.5,36291
2023-02-22,203.5,203.5,198.0,199.0,17793
2023-02-24,200.0,204.5,199.5,201.0,19772
2023-02-27,201.5,203.5,200.5,202.5,10537
2023-02-28,203.0,205.0,202.0,204.0,16637
2023-03-01,205.0,207.0,204.0,205.0,27441
2023-03-02,206.0,207.0,198.0,201.5,27771
2023-03-03,202.0,205.0,201.0,202.5,17624
2023-03-06,204.5,207.5,203.5,205.5,35622
2023-03-07,205.5,206.5,204.5,205.5,20416
2023-03-09,206.0,212.0,205.0,207.5,55997
2023-03-10,208.0,210.5,203.5,205.0,33570
2023-03-13,208.0,211.0,205.5,207.0,24404
2023-03-14,207.5,210.0,206.0,208.5,19543
2023-03-15,209.0,209.5,205.5,205.5,12360
2023-03-16,206.0,207.0,204.0,205.0,7735
2023-03-17,205.5,208.0,204.5,205.5,11034
2023-03-20,206.0,207.0,203.5,204.0,16090
2023-03-21,204.5,205.5,203.5,204.0,8417
2023-03-22,204.0,207.0,204.0,205.0,8100
2023-03-23,206.5,210.0,205.5,206.5,25730
2023-03-24,207.0,207.5,204.5,206.5,9699
2023-03-27,206.5,226.5,205.5,213.0,205221
2023-03-28,214.0,222.0,212.0,218.0,86473
2023-03-29,219.0,220.0,215.0,215.5,31525
2023-03-30,216.0,216.5,212.5,216.0,18522
2023-03-31,216.5,217.0,210.5,214.5,26470
2023-04-03,215.5,226.5,211.5,217.0,99005
2023-04-04,218.0,231.0,217.0,221.0,124823
2023-04-05,222.5,263.0,216.0,252.0,446182
2023-04-06,268.0,284.5,254.5,256.0,366031
2023-04-07,258.0,271.5,252.0,255.5,103642
2023-04-10,257.5,269.0,256.5,267.0,94383
2023-04-11,271.5,282.5,244.0,260.0,475432
2023-04-12,260.5,264.5,253.5,259.0,52259
2023-04-13,259.0,260.0,248.0,250.0,30645
2023-04-14,250.5,266.5,248.5,253.0,87455
2023-04-17,255.0,262.0,253.0,259.5,53693
2023-04-18,261.0,264.5,256.5,258.5,48018
2023-04-19,259.0,261.0,250.0,254.5,26026
2023-04-20,255.5,255.5,248.0,251.5,26616
2023-04-21,255.0,262.0,253.0,255.5,58878
2023-04-24,257.0,257.0,253.0,254.0,16646
2023-04-25,255.0,266.0,255.0,258.5,55326
2023-04-26,259.5,268.0,258.0,263.5,57853
2023-04-27,264.0,264.0,258.0,259.5,16186
2023-04-28,261.0,261.0,254.0,257.0,14475
2023-05-02,260.0,260.5,236.0,242.5,27684
2023-05-03,244.0,253.5,237.5,241.5,26216
2023-05-04,242.5,257.5,242.0,251.0,45050
2023-05-05,253.5,254.5,245.5,250.0,20725
2023-05-08,250.5,251.5,246.0,247.0,4607
2023-05-10,248.0,258.0,248.0,256.5,21883
2023-05-11,260.0,265.0,257.5,261.5,36645
2023-05-12,262.0,265.0,255.0,259.5,24931
2023-05-15,261.5,265.0,258.0,261.0,18382
2023-05-16,261.4,275.6,259.2,270.0,127476
2023-05-17,273.8,294.8,270.2,284.2,271400
2023-05-18,285.6,285.6,270.0,270.6,79448
2023-05-19,271.0,276.2,263.0,273.8,48717
2023-05-22,277.4,278.0,268.4,269.0,16081
2023-05-23,271.2,272.6,264.0,271.4,14139
2023-05-24,273.2,284.0,268.4,284.0,64481
2023-05-25,284.4,286.0,272.2,278.4,24860
2023-05-26,281.6,285.0,270.0,276.2,57964
2023-05-29,278.4,285.0,275.0,278.4,47480
2023-05-30,276.0,285.0,272.0,280.6,40505
2023-05-31,282.8,290.0,276.0,283.0,79451
2023-06-01,284.2,289.0,280.4,285.0,54531
2023-06-02,287.6,287.8,280.0,280.4,24594
2023-06-05,281.0,285.0,270.0,272.4,30978
2023-06-06,272.2,276.6,268.0,274.8,25930
2023-06-07,276.8,286.6,275.6,281.2,36797
2023-06-08,281.6,284.0,276.6,279.4,12722
2023-06-09,279.4,282.8,275.0,276.0,12811
2023-06-13,278.0,285.6,277.4,285.0,25645
2023-06-14,286.6,291.6,283.0,287.6,54742
2023-06-15,288.4,288.4,283.8,285.4,14194
2023-06-16,286.2,286.4,280.0,283.0,11618
2023-06-19,285.4,292.0,283.0,287.8,44003
2023-06-20,288.6,306.0,288.0,297.2,163081
2023-06-21,298.2,353.0,296.2,326.0,401740
2023-06-22,329.0,367.4,327.8,350.0,418647
2023-06-23,351.8,369.0,330.0,331.2,180810
2023-06-26,333.8,348.6,312.2,329.4,97599
2023-06-27,333.8,341.4,330.2,331.4,53960
2023-06-28,332.0,333.0,322.2,325.0,26632
2023-06-29,325.2,348.2,325.2,338.0,169077
2023-06-30,341.0,348.0,330.0,334.0,44228
2023-07-03,336.0,342.8,333.0,333.6,20587
2023-07-04,338.0,339.0,325.2,330.4,16578
2023-07-05,330.0,337.6,326.6,328.0,34583
2023-07-06,328.4,337.8,328.4,334.2,24683
2023-07-07,336.8,340.0,334.4,335.8,18158
2023-07-10,338.0,343.0,336.0,338.4,20619
2023-07-11,339.6,341.8,337.2,337.8,20359
2023-07-12,339.2,342.0,335.4,338.0,41295
2023-07-13,338.2,339.2,332.0,338.6,38466
2023-07-14,333.6,335.8,331.8,333.4,25535
2023-07-17,330.0,336.0,327.2,334.0,24464
2023-07-18,335.0,339.6,334.8,339.2,26887
2023-07-19,341.0,345.0,330.6,335.8,35758
2023-07-20,337.2,338.0,331.6,333.8,14972
2023-07-21,334.2,345.0,330.8,342.6,54283
2023-07-24,344.0,358.8,341.0,356.4,92724
2023-07-25,359.4,361.6,353.0,356.6,50406
2023-07-26,357.8,360.6,353.0,354.4,31083
2023-07-27,355.0,357.4,343.8,349.8,40820
2023-07-28,350.0,350.0,340.8,344.4,30792
2023-07-31,348.2,350.0,345.0,345.4,19270
2023-08-01,346.8,368.0,345.6,361.0,159881
2023-08-02,363.0,367.0,351.0,355.8,41338
2023-08-03,360.6,374.8,356.2,366.8,170921
2023-08-04,369.8,382.0,318.8,353.0,195323
2023-08-07,355.0,362.4,350.0,352.0,44622
2023-08-08,350.4,351.4,335.6,348.0,33660
2023-08-09,349.6,357.0,347.2,349.2,26525
2023-08-10,350.0,354.0,349.0,349.2,17370
2023-08-11,352.0,354.0,350.0,350.6,18246
2023-08-14,352.0,360.0,340.2,345.4,71458
2023-08-15,342.0,349.4,330.2,344.0,24720
2023-08-16,345.8,349.2,320.0,332.4,46598
2023-08-17,335.8,337.0,326.4,335.0,20084
2023-08-18,336.8,338.2,329.4,338.0,13136
2023-08-21,340.0,345.0,339.0,341.8,13893
2023-08-22,343.0,348.0,340.0,343.4,20854
2023-08-23,344.2,346.4,338.2,340.8,11175
2023-08-24,339.2,342.8,330.0,337.4,15997
2023-08-25,339.0,343.0,338.0,339.2,12351
2023-08-28,341.6,343.4,338.8,343.0,17193
2023-08-29,344.0,346.4,335.2,339.2,31134
2023-08-30,343.2,352.2,339.4,350.4,51273
2023-08-31,351.6,358.0,343.4,349.6,56958
2023-09-01,352.0,352.4,345.6,347.2,25719
2023-09-04,348.6,357.8,348.4,354.6,78701
2023-09-05,356.0,357.4,345.8,351.0,49466
2023-09-06,352.8,352.8,342.2,348.4,20623
2023-09-07,348.4,350.6,328.0,333.0,44832
2023-09-08,333.2,339.8,322.2,337.8,23101
2023-09-11,338.8,357.0,331.0,332.2,103274
2023-09-12,334.4,341.8,333.0,336.6,25087
2023-09-13,337.2,340.0,329.2,334.0,22808
2023-09-14,330.6,338.6,283.0,327.4,91289
2023-09-15,328.2,336.0,321.6,335.8,19080
2023-09-18,334.8,339.8,315.2,319.8,57740
2023-09-19,320.2,323.8,308.0,313.4,30392
2023-09-20,311.0,318.0,300.4,314.0,46871
2023-09-21,315.0,316.2,303.0,308.8,22544
2023-09-22,307.2,322.4,301.0,313.0,22883
2023-09-25,314.0,317.0,308.6,312.6,14074
2023-09-26,314.0,314.0,307.4,312.2,7079
2023-09-27,313.0,319.8,311.2,319.6,22810
2023-09-28,319.6,322.6,316.6,321.0,19562
2023-09-29,322.0,324.8,316.8,324.6,28122
2023-10-02,325.8,334.0,322.0,322.4,29938
2023-10-03,321.2,321.6,314.0,318.0,21136
2023-10-04,318.4,319.6,314.4,314.4,11741
2023-10-05,317.0,317.0,308.2,310.4,15600
2023-10-06,310.6,312.0,307.0,308.4,9140
2023-10-09,310.0,312.2,305.0,305.2,22123
2023-10-10,305.6,307.4,298.0,304.0,45010
2023-10-11,304.2,304.2,297.0,298.2,28674
2023-10-12,296.0,297.8,290.8,292.8,25451
2023-10-13,294.0,302.0,294.0,298.2,49995
2023-10-16,300.0,305.6,299.0,304.8,43337
2023-10-17,305.8,306.0,297.2,300.0,31489
2023-10-18,300.4,304.6,295.6,299.8,22344
2023-10-19,299.6,300.6,296.6,297.0,17763
2023-10-20,298.8,299.6,289.0,292.8,26592
2023-10-23,293.8,298.0,290.2,293.2,21542
2023-10-24,294.4,294.8,291.6,293.0,10587
2023-10-25,293.0,294.0,289.6,291.0,15146
2023-10-26,291.0,297.0,287.6,288.6,18279
2023-10-27,289.4,291.8,286.0,289.0,13418
2023-10-30,291.6,296.0,288.2,293.4,13685
2023-10-31,295.0,295.4,286.8,291.2,13687
2023-11-01,291.0,292.2,288.8,291.2,5140
2023-11-02,292.2,300.0,291.2,291.2,37245
2023-11-03,293.0,295.8,291.0,293.4,12596
2023-11-06,295.8,297.8,294.4,296.6,11169
2023-11-07,296.2,302.0,296.0,300.4,22730
2023-11-08,301.8,304.8,300.6,301.4,20899
2023-11-09,301.6,301.6,291.8,300.6,32396
2023-11-10,300.6,300.6,293.6,294.2,13537
2023-11-13,294.4,296.8,290.0,290.4,13334
2023-11-14,288.0,290.4,262.8,271.6,49613
2023-11-15,271.6,298.0,262.8,291.4,62099
2023-11-16,293.0,306.6,283.0,300.8,105257
2023-11-17,298.2,302.4,289.0,297.0,38592
2023-11-20,297.2,304.4,297.0,299.6,20628
2023-11-21,299.6,302.4,291.6,293.6,18481
2023-11-22,293.8,297.8,293.8,295.0,9071
2023-11-23,295.2,300.0,287.8,289.0,19935
2023-11-24,290.0,292.0,286.4,288.6,10130
2023-11-27,288.8,292.0,273.2,286.8,48812
2023-11-28,285.6,286.4,277.0,281.8,17988
2023-11-29,283.0,288.0,282.2,284.4,17130
2023-11-30,284.6,285.2,274.2,276.4,15774
2023-12-01,278.8,280.8,270.4,275.0,15850
2023-12-04,275.0,275.6,256.0,259.8,43669
2023-12-05,255.8,261.6,246.4,252.0,40613
2023-12-06,253.0,259.2,238.8,238.8,41188
2023-12-07,238.0,241.0,228.0,238.0,63288
2023-12-08,237.8,249.0,235.2,242.4,29371
2023-12-11,242.6,245.2,237.0,240.8,13546
2023-12-12,241.0,246.0,240.0,242.2,21292
2023-12-13,242.0,256.8,240.2,253.4,37948
2023-12-14,255.0,258.0,245.2,247.0,22335
2023-12-15,246.8,253.8,237.4,252.6,27003
2023-12-18,254.0,263.8,251.8,263.8,28038
2023-12-19,265.0,266.8,255.6,256.4,27550
2023-12-20,258.8,271.0,257.0,268.2,42438
2023-12-21,268.0,274.8,263.0,272.0,19318
2023-12-22,270.4,285.0,265.4,281.2,46074
2023-12-25,283.0,292.8,283.0,287.8,46263
2023-12-26,288.2,291.0,280.0,283.8,23072
2023-12-27,282.0,284.0,270.8,271.0,41419
2023-12-28,271.0,273.0,261.0,262.2,23920
2023-12-29,262.2,267.6,262.2,263.4,19000
2024-01-03,264.2,277.0,263.8,272.2,12524
2024-01-04,276.0,276.0,269.2,269.6,9888
